-0.0199967
-0.0254407
-0.022347
-0.0196727
-0.0192935
-0.024774
-0.020935
-0.0233554
-0.0235322
-0.0249057
-0.0236972
-0.0195919
-0.0233725
-0.0245055
-0.0176273
-0.0218289
-0.0180681
-0.0152686
-0.0178612
-0.0237813
-0.0170777
-0.0138766
-0.0121171
-0.0195879
-0.0204936
-0.0180167
-0.0224313
-0.0214216
-0.0188388
-0.0215735
-0.0220937
-0.0143305
-0.0191482
-0.0176751
-0.0235719
-0.0178052
-0.0228064
-0.0184624
-0.0234411
-0.0227329
-0.0224829
-0.0225218
-0.0240231
-0.0206121
-0.0215129
-0.0172016
-0.0210604
-0.0174319
-0.0212771
-0.0198215
-0.0139796
-0.0184662
-0.0246023
-0.0219754
-0.0251933
-0.0244451
-0.0180842
-0.02255
-0.0215466
-0.0200905
-0.0268461
-0.0252086
-0.018998
-0.0183969
-0.0205608
-0.0225894
-0.0188089
-0.0165071
-0.0231612
-0.0242561
-0.0225785
-0.0188232
-0.0199876
-0.0183744
-0.0257478
-0.0174333
-0.0229494
