0.0204338
0.0175139
0.0192301
0.0157429
0.0170222
0.0187992
0.0179942
0.0187234
0.0177918
0.0179268
0.0183019
0.0192885
0.0176265
0.0172954
0.0194063
0.0175496
0.0180247
0.0173411
0.0168867
0.0171775
0.0166417
0.0161969
0.0166995
0.0176696
0.0147648
0.0193594
0.0187629
0.0176465
0.0172468
0.0188637
0.0202938
0.0165409
0.0181996
0.0172812
0.0151517
0.0167293
0.018696
0.017328
0.0185366
0.0174605
0.0172525
0.0173011
0.0175292
0.018156
0.0183557
0.0173125
0.0179746
0.016357
0.0187838
0.0165763
0.0173108
0.0196924
0.0176301
0.0193483
0.0188145
0.01745
0.0177165
0.0187673
0.0195961
0.015786
0.0166291
0.0189036
0.0159734
0.018259
0.0199985
0.017078
0.0185215
0.018637
0.0180876
0.0178752
0.017772
0.0185683
0.0179567
0.0194113
0.0182986
0.0171049
0.0206785
