0.000941826
0.000871167
0.00086287
0.000881603
0.000878255
0.000992255
0.000925501
0.000895747
0.000903156
0.00105565
0.000826594
0.000970602
0.000892606
0.000870065
0.000939946
0.000898994
0.000876021
0.000900413
0.000961279
0.000954384
0.00092674
0.000911678
0.000846356
0.000938042
0.000870295
0.000992162
0.00101817
0.000953555
0.000897845
0.000957478
0.000917034
0.00101845
0.000899685
0.000815748
0.000896504
0.00087385
0.000975907
0.000912917
0.00094024
0.000922074
0.000938943
0.000831336
0.000937283
0.000961553
0.000901997
0.000975775
0.00096307
0.000865326
0.000903215
0.000897944
0.000977489
0.000937254
0.00088444
0.000931594
0.000956331
0.000844446
0.000982503
0.000946885
0.00096294
0.000863763
0.000852594
0.000875469
0.000839065
0.0010103
0.000812335
0.000990316
0.000926556
0.00093009
0.00103059
0.000850852
0.000824058
0.000920763
0.000884517
0.000957045
0.000904776
0.000898155
0.000910566
