32 30 40 40 39 47 45 56 49 53 40 38 44 51 56 50 32 58 38 59 58 47 55 36 55 40 49 53 52 56 29 40 47 58 49 56 54 46 42 20 58 37 49 44 39 56 54 49 52 58 30 35 45 36 42 49 42 51 61 49 34 40 34 35 56 58 52 49 58 61 60 53 39 43 55 58 55 55 32 43 49 54 45 54 48 47 57 55 61 46 52 46 53 42 51 55 56 51 53 59 59 53 59 57 53 21 26 42 59 59 61 50 50 29 32 44 60 52 59 60
24 43 25 44 50 50 45 55 56 55 38 44 50 50 58 48 46 59 29 59 57 48 50 50 58 42 37 52 58 56 25 46 48 43 48 54 57 57 50 40 47 34 54 39 31 52 56 52 42 57 28 37 51 49 40 47 49 56 58 52 40 33 30 35 58 58 53 39 54 57 57 46 49 58 54 60 59 56 40 49 54 52 47 50 48 49 55 58 59 41 55 52 55 43 49 47 56 50 44 53 59 55 58 55 54 37 26 32 59 59 61 55 57 38 24 52 58 47 59 60
22 29 26 42 50 40 39 56 53 35 28 23 27 45 55 54 27 59 33 54 46 33 49 38 48 41 53 43 50 45 37 38 34 57 42 55 51 36 30 31 58 47 55 55 58 53 30 45 51 54 34 31 51 32 35 22 37 34 43 38 20 38 33 57 60 60 52 54 59 56 61 46 43 35 47 46 58 46 50 35 43 53 50 45 49 41 52 52 56 48 34 28 41 36 41 59 57 52 23 48 53 45 55 39 41 29 13 15 59 58 58 42 47 20 37 34 57 50 57 58
36 49 30 48 45 44 47 54 49 56 41 44 46 54 56 54 37 58 55 59 58 50 51 52 57 49 51 55 51 52 35 53 48 58 54 55 59 53 53 50 59 43 58 49 51 59 46 50 48 59 46 45 60 47 46 47 51 43 58 48 46 43 42 46 58 54 60 49 60 59 61 55 53 53 48 59 56 58 50 54 60 61 54 51 46 50 60 57 61 60 58 47 58 48 55 47 58 52 47 58 59 55 59 58 59 40 33 50 59 59 61 61 55 47 41 45 55 50 59 60
33 43 33 45 38 39 50 51 54 50 41 45 50 57 59 57 58 57 54 59 59 53 56 58 59 43 34 57 58 57 21 49 48 57 48 57 58 43 47 47 57 39 45 34 35 57 55 50 52 59 37 44 49 52 51 51 50 58 59 51 47 46 40 47 46 59 48 48 50 60 61 57 55 46 52 59 54 59 37 48 54 54 52 43 52 57 56 52 61 52 49 56 58 47 46 48 58 56 55 58 59 54 59 57 55 26 28 42 59 59 61 56 51 33 34 41 60 42 58 58
23 44 31 47 43 38 52 57 56 49 44 41 45 46 53 56 43 59 40 57 54 49 52 47 56 50 52 56 57 52 37 54 44 56 57 51 57 52 42 38 59 35 56 52 52 58 49 58 52 58 35 38 50 43 35 42 38 51 47 45 44 42 37 50 51 54 53 50 61 61 61 48 49 44 53 60 54 52 52 57 61 61 58 57 58 54 54 57 61 58 55 45 49 53 59 57 58 54 51 61 59 58 59 56 57 36 30 38 59 59 60 58 56 37 38 45 58 47 59 59
29 40 33 44 37 40 48 55 51 55 46 43 42 50 53 53 39 59 41 57 56 53 49 55 54 41 43 55 54 54 35 42 53 55 49 56 55 49 54 50 59 33 51 33 47 54 54 48 52 58 25 31 40 43 44 53 50 50 59 52 48 44 33 52 55 56 54 50 56 58 59 48 48 49 47 58 57 57 49 48 45 58 52 41 40 54 60 55 60 38 47 47 55 43 42 48 51 51 57 56 59 57 59 58 45 35 25 30 59 59 61 58 60 46 40 42 60 60 58 60
29 33 18 34 36 36 31 45 47 42 27 36 35 48 57 32 32 59 36 58 57 48 51 40 46 34 52 54 54 51 41 40 32 57 54 55 56 40 30 23 56 42 53 51 48 57 51 43 45 59 36 39 47 51 43 47 56 51 47 36 25 27 31 34 40 53 55 30 49 61 56 41 53 34 31 49 51 57 37 39 41 57 48 47 48 54 53 50 61 54 47 35 43 43 42 56 49 50 51 61 59 51 59 57 49 37 30 31 59 59 61 59 51 37 34 30 57 53 55 59
28 36 34 43 40 48 39 53 51 27 24 35 42 47 54 48 38 59 48 59 57 42 50 36 49 35 34 47 48 48 35 49 41 57 41 56 52 43 33 28 58 38 40 42 37 50 47 40 45 56 33 37 38 43 40 47 41 46 41 29 40 36 27 37 44 49 48 23 49 60 61 42 52 34 34 59 55 55 39 50 46 55 49 45 47 54 51 53 61 38 49 43 42 36 46 43 57 53 53 61 58 46 58 52 54 27 20 33 59 59 60 57 53 37 35 28 58 52 58 60
26 44 38 47 45 43 52 59 45 54 35 44 43 53 56 46 48 59 45 59 55 47 48 51 53 48 53 45 46 50 47 49 57 59 53 55 55 57 53 49 59 48 57 54 51 57 48 45 54 59 39 39 49 46 40 50 37 50 60 51 51 49 45 51 59 61 50 52 54 60 61 52 50 53 54 61 56 56 50 52 54 57 57 54 54 57 61 53 60 34 56 51 55 55 57 50 56 50 54 61 59 57 59 58 59 40 33 47 59 59 61 59 60 34 34 45 61 52 58 61
30 45 39 43 44 46 44 52 47 53 38 46 45 48 52 42 38 59 36 58 58 45 55 52 51 52 48 49 53 51 44 44 39 56 45 57 54 43 42 42 56 42 50 55 44 56 52 50 51 58 21 32 44 39 43 44 54 48 59 51 44 34 28 42 60 61 49 46 58 61 61 47 50 58 57 58 58 57 51 48 59 44 53 49 45 49 58 56 61 36 53 50 55 45 51 45 56 49 55 61 59 48 58 48 54 25 23 28 59 59 61 47 57 25 24 42 56 51 56 60
44 37 38 46 49 46 56 53 55 57 43 47 45 51 53 59 47 59 38 58 58 44 53 58 56 44 51 56 53 53 43 57 52 58 49 59 58 57 48 43 58 51 49 42 36 57 52 55 53 59 21 39 51 51 43 42 50 57 58 40 43 48 43 53 55 60 56 56 60 61 61 55 55 46 53 60 58 60 47 51 60 59 56 55 52 54 60 54 61 46 56 52 57 49 53 53 58 51 55 61 58 57 59 57 59 43 30 42 59 59 61 60 60 43 48 43 60 54 59 61
39 40 36 48 45 50 47 53 53 54 43 44 44 45 56 45 43 59 27 59 57 51 52 53 55 50 50 53 51 55 47 45 43 55 54 56 55 46 50 46 59 42 55 42 52 59 52 48 53 58 36 32 50 49 46 53 57 51 49 42 40 41 33 43 59 58 54 51 60 61 61 48 47 51 53 60 57 58 47 47 58 59 52 45 46 52 57 54 61 58 52 42 56 50 50 48 58 47 57 60 59 54 59 58 58 33 21 32 59 59 61 59 60 39 33 38 57 61 59 61
22 29 27 35 43 42 46 48 52 51 45 48 45 50 54 45 48 58 33 58 57 46 47 54 55 46 33 53 54 50 28 51 49 57 50 56 53 48 47 37 56 36 46 44 34 52 51 47 49 59 32 33 53 40 40 50 54 53 53 30 36 34 35 47 52 57 57 52 55 60 59 44 51 44 53 58 54 55 33 55 53 56 45 47 43 51 59 57 60 40 56 44 52 41 48 40 55 52 57 60 59 55 59 57 55 42 42 42 59 59 61 60 56 40 39 40 56 54 59 61
34 36 43 46 49 52 38 52 50 58 50 50 45 56 59 46 53 59 43 59 58 48 52 55 55 44 46 54 59 57 39 57 46 58 44 56 57 51 48 38 56 46 45 46 47 57 46 46 54 59 42 36 51 41 52 57 53 54 56 41 48 37 33 47 54 59 54 46 56 61 61 47 50 53 55 61 60 54 46 57 61 57 58 49 53 51 55 54 61 50 56 49 57 46 50 49 58 53 56 61 59 56 59 58 57 41 25 39 59 59 61 56 58 42 47 31 61 50 59 61
21 38 28 43 40 32 41 49 44 51 30 31 31 48 57 49 35 59 32 59 55 38 55 45 56 42 52 58 56 57 43 44 42 56 54 56 57 49 40 37 53 34 57 49 53 58 51 53 53 59 43 47 54 51 36 46 50 52 48 34 25 29 32 42 56 51 57 48 59 60 60 41 52 28 37 59 52 55 44 54 51 60 56 45 50 50 57 46 61 58 44 46 47 45 44 44 55 47 55 57 59 53 59 53 43 37 28 30 59 59 60 53 55 41 31 36 60 52 59 61
29 30 26 40 39 42 45 55 50 45 36 39 41 49 57 40 40 58 31 59 59 51 53 53 54 35 46 55 53 53 35 49 36 58 41 57 56 43 42 26 58 34 40 38 37 53 55 49 50 58 31 29 48 44 31 45 45 53 45 27 35 34 39 52 54 60 53 49 60 60 61 56 55 37 56 53 59 56 38 48 57 59 43 43 48 56 60 54 61 50 40 35 39 36 41 49 58 52 53 59 59 49 58 53 53 31 27 46 59 59 58 51 57 38 32 26 59 42 57 60
41 43 42 48 49 52 54 55 54 55 37 45 54 51 55 58 55 59 48 59 57 51 53 58 56 45 43 53 53 57 32 54 54 59 48 58 57 49 51 51 59 38 49 39 36 55 50 45 51 59 39 31 46 38 39 40 52 50 54 50 54 51 47 51 51 58 54 55 59 59 61 59 52 51 60 61 58 54 57 52 59 57 53 57 50 53 60 53 61 47 52 55 55 53 56 44 53 50 52 59 59 53 59 57 58 46 31 43 59 59 61 60 60 41 54 39 59 60 59 61
30 40 32 50 49 43 51 55 48 55 54 51 53 57 59 55 53 58 55 59 59 56 54 57 56 46 45 55 56 55 36 50 51 59 51 58 59 47 45 48 58 33 52 39 46 55 50 53 51 59 27 35 40 53 42 48 53 53 58 50 43 49 41 54 56 58 55 52 59 59 61 54 51 56 60 61 56 54 54 55 59 58 57 55 53 53 58 56 60 59 54 57 55 55 58 46 55 52 55 58 59 55 59 57 58 45 24 42 59 59 61 58 60 40 35 39 59 49 59 61
25 28 32 40 37 46 21 51 48 28 29 29 24 36 50 21 23 56 31 56 55 34 48 29 48 51 57 53 51 52 19 31 25 43 55 57 49 23 19 13 35 40 56 50 54 58 49 52 54 56 23 33 43 35 35 52 54 53 37 31 29 37 31 44 47 51 40 48 57 57 53 42 41 31 36 52 46 49 29 33 50 53 38 40 43 49 53 51 59 32 41 29 39 29 51 38 57 53 57 56 59 54 55 49 56 11 12 25 59 59 51 45 41 17 28 17 54 47 57 56
21 55 43 55 56 48 53 56 57 57 52 48 54 56 56 55 51 59 55 56 57 54 56 54 58 46 54 53 53 55 32 51 53 58 55 57 56 56 56 49 57 29 52 46 41 57 55 51 55 58 39 45 47 58 51 55 49 57 58 54 51 53 55 56 57 60 53 58 59 60 60 59 56 53 57 60 57 57 32 56 57 58 51 58 49 57 59 55 59 59 59 53 57 46 56 38 58 47 50 58 59 56 59 59 53 36 36 49 59 59 61 59 58 46 34 59 60 47 59 61
33 39 34 41 39 46 47 52 43 52 50 45 47 40 55 49 46 58 27 59 50 51 51 53 58 48 51 55 59 55 41 55 53 53 53 57 55 51 50 42 55 40 54 42 54 58 47 44 54 58 44 44 55 47 45 55 51 53 60 48 43 42 29 41 57 54 57 51 59 60 60 49 41 59 56 60 58 54 36 53 59 58 54 47 50 47 54 50 61 61 58 50 57 43 47 50 56 47 51 58 59 59 59 59 55 44 38 53 59 59 61 60 53 44 38 43 60 53 59 61
24 34 25 33 30 41 34 38 38 44 37 30 43 49 50 36 48 45 43 51 49 45 43 46 43 36 41 39 56 41 43 35 41 51 39 38 56 40 42 35 47 38 41 24 34 36 41 40 37 50 40 32 49 41 35 46 45 49 50 30 35 30 22 20 33 52 53 28 39 55 54 35 23 54 44 56 59 36 40 48 49 51 45 34 25 31 57 38 55 60 55 43 54 41 25 29 38 23 45 50 59 43 57 54 36 39 25 36 59 59 60 60 57 45 29 40 61 52 59 61
30 42 36 41 45 48 46 58 50 51 45 40 42 50 55 44 52 59 55 59 59 42 53 56 57 42 49 55 52 56 40 47 35 59 46 59 58 55 43 16 58 30 50 43 45 57 49 50 55 58 33 35 48 41 38 44 56 54 52 45 43 41 46 48 58 60 55 48 56 60 59 52 50 40 53 59 55 55 45 47 51 60 48 49 49 54 58 56 60 47 45 48 53 42 53 51 58 50 49 57 59 51 59 56 57 36 20 47 59 59 61 55 55 46 34 51 58 49 59 61
24 37 30 39 36 42 51 52 55 55 45 44 50 48 51 55 41 59 53 58 55 51 49 51 51 45 52 47 48 52 35 51 44 59 56 58 56 53 49 44 59 36 53 48 53 55 43 46 45 58 30 41 43 50 41 46 58 58 54 46 38 44 42 50 55 52 56 54 58 60 61 51 51 40 51 59 57 55 45 44 55 61 56 56 44 53 54 54 61 57 51 45 49 48 48 53 55 51 36 61 59 56 59 58 51 43 30 41 59 59 61 59 54 40 38 48 58 44 59 61
33 38 35 50 45 56 51 50 52 56 50 42 37 46 54 56 45 59 50 59 54 37 47 51 55 42 34 50 49 53 49 56 55 59 42 56 58 57 50 52 59 35 46 49 37 54 37 28 47 58 40 30 35 39 40 46 43 49 60 49 49 43 39 49 48 57 46 50 54 59 58 49 54 51 59 61 60 58 44 50 59 52 54 55 52 55 57 52 58 47 53 50 55 36 52 53 54 53 51 60 59 58 59 59 59 41 43 40 59 59 61 61 53 38 51 45 60 58 59 61
32 49 42 49 49 48 47 53 53 53 37 36 39 56 59 53 36 59 43 59 58 52 58 49 57 49 51 59 59 56 47 51 43 57 53 59 57 49 48 42 58 48 56 53 52 59 57 55 54 59 46 41 43 54 49 53 52 57 55 47 40 35 41 44 60 60 56 38 60 60 61 52 54 51 48 59 61 57 51 53 61 61 57 56 56 54 59 58 60 60 50 54 54 49 53 55 60 56 55 59 59 58 59 58 58 42 40 36 59 59 61 60 58 46 35 39 60 58 56 59
38 36 32 45 48 52 51 54 50 54 49 43 48 54 53 53 43 59 51 58 57 44 51 53 57 47 55 54 47 52 48 55 47 59 55 59 57 48 48 49 59 50 57 54 52 58 57 50 54 59 26 36 48 52 43 54 60 59 58 54 43 45 46 44 56 56 60 48 61 61 61 52 51 47 56 60 49 54 49 50 56 61 57 53 50 56 60 54 61 60 54 49 56 43 50 52 59 50 59 61 59 59 59 56 58 30 34 39 59 59 61 60 59 44 45 49 61 54 59 61
33 32 33 43 52 46 44 56 56 53 49 50 44 56 56 54 52 59 48 58 59 49 48 58 55 49 47 50 53 55 38 51 51 58 47 59 59 51 41 46 55 47 58 54 53 59 46 43 54 59 42 31 45 46 42 49 58 57 55 40 42 47 41 47 55 54 58 55 60 61 59 56 52 43 56 60 58 57 51 57 57 58 53 54 54 52 57 58 61 56 57 48 56 50 50 54 61 51 56 60 59 54 59 59 56 46 29 44 59 59 61 60 58 38 43 41 60 50 59 61
23 43 26 37 42 47 25 55 55 50 39 37 38 47 54 40 37 59 36 57 57 39 52 52 53 41 42 51 55 54 44 49 38 53 33 58 54 46 45 44 52 36 44 38 48 54 53 47 52 57 29 28 50 34 31 39 49 56 56 40 22 25 40 47 54 60 59 42 55 60 61 48 54 42 47 57 58 61 40 40 54 57 46 37 36 47 58 55 60 49 45 48 55 45 47 43 57 51 54 60 59 51 58 55 53 33 23 34 59 59 61 53 58 31 25 40 59 53 56 60
14 25 28 36 36 37 37 50 49 27 23 20 27 32 42 40 18 56 24 54 51 37 50 28 43 43 49 53 47 52 23 31 22 48 35 52 54 25 21 12 49 30 43 43 28 54 43 48 51 56 18 29 39 39 28 47 49 48 37 30 24 35 31 36 47 41 43 38 51 61 53 39 43 18 18 48 42 47 27 33 45 54 31 34 33 55 55 51 59 43 41 30 34 26 37 35 49 49 50 52 59 46 56 49 39 30 15 22 59 59 56 42 46 19 21 29 61 58 59 55
37 48 34 52 51 45 59 52 54 55 53 46 49 58 59 59 47 59 49 59 59 53 53 54 55 53 55 55 55 53 46 50 58 58 56 59 57 59 58 52 59 44 56 45 53 58 56 51 57 59 39 42 54 54 36 53 43 54 61 48 49 49 50 57 61 60 57 58 61 61 61 59 54 56 60 60 58 58 50 52 60 61 58 53 56 57 60 58 61 59 61 56 59 53 57 51 60 56 50 61 59 54 59 58 59 47 54 48 59 59 61 61 61 48 51 54 60 57 59 61
28 51 37 51 50 46 50 57 53 56 54 47 40 53 58 57 49 59 37 59 59 54 54 51 57 50 53 53 53 55 43 55 46 58 55 59 59 57 49 39 57 46 50 49 50 56 54 50 50 59 48 45 55 54 49 49 50 53 58 46 36 44 39 53 60 58 53 53 61 60 61 50 58 50 56 60 57 59 44 58 61 60 55 55 50 47 59 57 61 56 57 54 57 50 56 50 59 52 59 60 59 57 59 58 55 44 39 45 59 59 61 58 56 37 44 44 59 55 59 59
17 30 22 40 39 32 35 55 54 43 45 47 45 52 58 39 38 58 35 59 57 47 54 47 52 43 35 46 57 56 32 50 26 55 38 56 54 40 26 33 56 25 31 28 32 42 41 38 53 58 33 30 45 41 32 44 54 50 42 34 34 44 36 50 57 58 46 43 57 61 57 47 53 24 33 47 53 57 34 47 48 54 44 43 47 50 42 49 59 53 34 37 32 26 36 40 51 44 56 54 59 44 58 46 55 35 24 37 59 59 59 52 56 33 35 41 60 46 58 61
45 38 35 44 54 54 49 57 52 55 45 45 36 43 56 56 39 56 37 58 57 46 48 51 51 43 42 50 53 51 27 54 52 53 42 56 52 55 54 46 55 40 49 46 44 54 45 39 54 58 25 36 48 39 42 45 25 39 59 44 48 47 46 55 48 61 55 53 53 49 59 52 57 58 57 60 60 55 32 51 57 47 52 45 46 56 58 54 60 58 59 42 59 51 47 53 58 55 33 58 59 54 59 56 59 37 22 44 59 59 61 59 59 47 29 50 60 56 59 61
32 34 29 44 40 44 55 56 55 56 45 49 45 53 54 51 50 59 44 58 57 51 54 57 57 52 47 58 53 52 41 52 51 58 46 58 58 53 51 47 57 39 53 52 48 54 53 53 57 59 34 42 58 53 57 55 57 60 61 47 43 46 37 49 58 55 55 45 58 61 61 52 51 56 56 60 58 52 39 56 60 57 57 50 46 53 60 56 61 56 57 54 60 47 55 52 57 52 49 59 59 58 59 59 47 45 36 49 59 59 61 56 58 36 22 44 60 52 59 61
39 44 44 48 50 50 55 56 53 53 36 39 42 50 57 50 38 59 28 58 55 48 50 47 53 50 42 49 55 51 29 45 53 57 50 59 53 51 51 31 58 44 52 33 38 51 52 46 49 59 28 33 42 38 32 43 54 58 58 50 42 46 37 49 56 59 50 52 60 61 60 56 53 56 59 60 58 56 41 41 49 54 43 50 44 58 59 52 61 54 52 47 51 36 48 38 57 55 48 59 59 56 59 58 56 32 24 35 59 59 60 59 57 36 38 44 60 48 57 59
38 33 39 50 45 57 54 58 58 54 43 46 45 53 57 55 40 59 49 57 57 48 58 52 55 45 55 54 56 58 32 53 48 59 50 57 59 56 52 51 59 39 50 36 44 57 54 54 55 59 39 41 58 49 49 60 56 61 58 42 36 44 47 47 55 56 58 47 58 60 59 53 54 51 53 58 55 57 47 58 61 60 51 48 49 57 61 53 61 58 55 57 54 47 56 39 55 58 54 60 59 57 59 58 44 44 33 41 59 59 61 55 52 38 44 45 57 51 59 61
23 22 16 34 32 35 49 50 45 50 49 42 27 38 56 44 40 55 18 58 59 39 44 48 54 41 47 50 56 47 41 40 33 50 47 53 54 45 44 29 54 41 51 54 53 57 44 40 50 59 32 29 50 47 33 47 48 50 58 45 29 30 38 39 52 54 53 19 52 61 60 47 52 38 41 57 52 53 42 39 44 58 48 46 42 50 57 52 61 37 45 49 52 50 44 39 53 50 54 61 59 55 58 55 49 25 24 40 59 58 60 55 49 16 26 24 60 55 55 60
30 34 30 42 40 42 43 53 43 55 48 48 40 51 57 51 41 59 41 59 57 47 53 54 52 44 53 56 51 55 40 47 51 58 50 58 58 53 53 43 59 32 50 51 50 58 46 52 46 59 39 40 51 45 38 45 49 56 57 52 48 46 35 46 47 58 59 40 60 58 61 48 53 45 51 61 55 54 35 50 58 60 50 45 50 50 60 53 61 55 50 48 58 43 49 47 54 43 48 60 59 57 59 55 52 27 25 42 59 59 61 56 55 44 35 43 58 59 58 60
34 39 39 36 42 42 46 51 50 54 39 50 38 52 55 53 40 56 54 58 57 45 48 55 55 34 50 55 53 55 34 44 53 56 52 52 56 47 53 50 55 42 50 48 51 56 52 48 45 59 41 39 53 36 45 45 55 50 57 36 42 44 41 49 54 54 59 39 57 60 60 51 53 56 45 60 51 58 49 50 52 59 48 46 38 53 56 55 60 57 59 56 56 42 46 36 55 49 54 60 59 56 58 56 54 35 20 46 59 59 61 60 60 45 25 45 59 58 59 60
34 41 35 36 37 46 49 54 57 48 41 38 31 41 55 51 27 59 32 59 54 37 45 39 49 39 38 52 51 49 39 47 44 53 33 56 55 45 39 30 57 42 42 47 39 49 46 37 46 58 37 35 44 40 38 41 41 52 54 40 34 40 30 40 57 58 53 48 52 59 61 50 51 23 50 60 57 56 40 46 50 57 41 37 47 52 58 55 60 18 48 48 47 50 50 53 54 50 47 56 59 52 59 58 56 38 22 48 59 59 61 59 50 38 24 37 58 48 57 55
41 37 26 47 46 42 41 58 53 57 32 46 38 41 52 47 28 59 41 59 57 47 54 55 57 42 44 53 56 54 49 55 55 58 48 59 57 53 55 48 56 46 52 48 44 59 53 42 53 59 43 30 60 45 41 51 57 59 59 32 47 41 41 47 55 54 59 45 58 61 61 55 54 43 38 61 55 58 50 47 56 60 50 49 49 57 58 55 61 39 54 51 56 48 50 44 57 56 54 61 59 57 59 58 57 42 39 47 59 59 61 60 58 44 44 45 58 51 58 60
16 15 24 10 35 31 33 47 38 44 31 35 47 53 58 41 39 58 50 56 54 43 53 47 42 34 31 48 52 55 16 28 36 52 43 58 57 39 29 33 56 23 35 31 29 50 49 37 50 55 32 26 29 29 41 47 42 49 47 42 37 43 46 39 31 53 36 35 36 54 51 52 48 28 34 51 54 52 26 30 48 47 42 44 42 50 55 49 57 38 36 30 34 34 49 33 51 48 52 51 59 49 59 45 55 13 21 21 59 59 56 48 56 25 24 29 60 56 59 61
19 29 22 36 37 31 39 50 44 43 28 26 43 41 47 46 31 59 39 56 57 47 52 36 49 34 38 54 57 54 25 35 43 52 48 56 56 44 38 29 55 29 42 24 38 53 55 53 45 59 36 34 47 38 42 50 50 53 46 23 37 39 25 34 43 54 55 42 53 58 59 46 45 35 35 51 49 56 30 41 44 58 40 33 32 44 46 47 60 51 53 45 46 35 37 34 51 47 53 59 59 53 58 54 52 26 23 22 59 59 57 55 55 31 31 30 60 47 59 60
35 37 39 40 42 47 46 54 45 53 46 41 45 53 58 47 53 56 40 59 58 52 56 57 57 44 51 53 57 54 36 51 51 54 52 47 56 57 48 43 58 27 45 43 45 53 55 52 50 59 38 36 52 40 45 50 48 50 58 44 39 46 42 60 58 61 55 60 60 59 61 49 52 54 50 61 61 56 41 54 57 58 41 37 46 49 60 51 59 56 58 54 56 39 40 49 55 51 51 59 59 57 59 56 57 38 32 50 59 59 61 52 58 42 35 55 61 51 59 61
34 47 35 48 46 47 52 58 48 55 47 51 51 51 58 55 44 59 45 59 58 54 54 54 57 49 46 56 55 58 46 54 46 59 51 59 58 52 48 47 59 44 45 41 43 56 52 53 52 59 30 43 52 45 40 48 50 48 59 48 49 51 39 57 58 61 51 55 60 59 61 53 55 52 57 58 60 60 49 41 56 55 51 54 54 59 59 57 61 42 54 48 55 53 53 53 57 59 56 61 59 56 59 52 59 18 29 36 59 59 61 51 58 37 45 41 56 45 59 60
44 41 33 45 44 51 44 55 45 51 33 41 41 50 51 48 50 59 46 59 54 46 43 57 58 45 54 54 47 42 41 52 44 57 50 57 56 49 52 33 59 49 56 52 54 58 47 46 40 59 35 41 45 46 42 45 48 50 58 49 41 42 39 44 52 55 52 50 59 60 61 49 48 56 59 60 58 51 41 43 56 57 56 48 55 52 60 52 61 42 53 51 57 41 54 52 55 46 49 60 59 55 59 59 53 41 29 49 59 59 61 49 59 44 45 56 57 55 59 61
37 45 32 49 48 34 48 53 48 54 48 52 49 56 58 54 53 59 56 59 59 57 52 56 56 57 52 57 55 54 38 55 53 57 57 58 59 52 49 50 58 52 58 56 57 58 56 51 50 59 47 57 56 56 53 56 55 59 57 44 42 42 45 46 58 58 53 53 58 60 59 45 45 52 57 59 57 55 47 60 60 60 60 59 52 54 60 60 61 59 61 54 57 55 60 59 60 45 53 58 59 56 59 58 57 49 30 36 59 59 61 59 60 43 34 42 58 55 59 61
39 42 34 38 38 36 38 52 41 55 46 43 44 46 59 47 46 58 28 59 57 55 51 50 58 51 48 53 59 51 42 50 48 53 53 53 59 54 48 36 53 45 57 51 50 56 48 42 49 59 51 49 58 46 46 45 52 49 60 43 39 31 33 36 44 50 58 41 55 60 60 44 47 56 50 61 52 48 51 54 57 55 51 51 45 41 59 48 61 56 58 57 60 51 51 49 53 45 46 59 59 55 59 59 57 37 31 38 59 59 61 57 60 52 36 37 58 56 59 61
30 43 39 44 47 43 52 54 57 57 52 54 52 56 59 55 54 59 56 58 58 54 50 55 58 52 41 53 58 55 42 56 51 57 56 56 54 54 53 53 58 44 53 53 49 55 56 55 55 57 43 40 53 52 43 47 58 59 60 50 44 47 38 52 54 60 60 54 60 61 61 55 53 55 59 61 55 56 45 61 59 60 56 55 54 58 59 55 61 61 57 58 59 50 52 50 55 52 57 61 59 58 59 57 57 44 35 47 59 59 61 59 60 47 33 54 59 56 59 61
23 36 31 40 43 49 42 52 51 41 29 40 42 49 57 49 32 57 46 59 54 45 48 47 54 38 50 54 53 54 33 49 47 55 40 54 54 46 39 20 56 34 39 37 40 59 44 48 55 59 32 31 36 28 35 47 43 54 57 38 34 39 40 50 57 57 52 53 47 60 60 48 49 40 52 58 54 55 31 51 45 54 51 48 44 45 55 53 61 42 45 49 48 38 42 38 55 52 54 60 59 50 57 53 53 22 23 27 59 59 60 47 53 33 23 38 58 56 57 57
26 24 27 39 35 40 35 48 46 25 27 25 30 36 55 45 24 57 41 57 50 40 44 38 40 27 42 50 52 49 23 44 40 52 44 51 50 32 23 19 56 27 42 29 30 51 46 40 46 54 32 25 36 39 32 41 44 44 35 31 32 28 24 41 47 56 48 28 52 57 60 42 50 20 27 53 56 49 34 37 46 54 46 38 39 51 54 51 58 36 31 29 33 33 32 39 52 48 44 56 59 43 55 49 44 27 22 38 59 59 59 52 46 31 34 28 61 45 56 58
21 24 22 37 37 40 30 47 44 30 31 16 25 37 53 36 11 54 22 58 54 29 45 13 39 30 34 51 58 49 39 35 32 46 34 51 52 37 31 9 41 28 40 49 36 51 37 34 44 59 25 23 32 32 35 43 33 38 36 18 19 22 28 34 43 54 29 23 42 51 57 43 51 27 25 48 56 56 43 39 40 42 40 41 47 46 58 44 57 32 36 37 34 36 37 42 53 42 50 57 59 40 58 51 51 19 24 28 59 59 55 40 49 22 25 29 60 54 57 57
19 37 33 45 48 47 23 57 56 51 46 49 40 45 53 43 36 58 31 59 56 43 50 41 58 49 54 54 47 48 33 43 38 51 55 58 54 42 48 14 38 46 57 48 45 55 54 50 49 59 30 38 46 47 40 47 57 51 54 41 40 42 43 46 60 55 48 41 60 61 61 49 51 43 43 57 53 55 21 47 56 56 39 51 53 54 56 56 61 54 45 45 46 35 53 34 58 50 49 56 59 56 59 58 55 40 28 40 59 59 60 55 59 34 36 31 60 56 59 60
27 36 25 45 42 41 43 55 48 47 31 23 37 48 55 43 41 59 45 59 57 39 53 50 50 45 45 56 51 56 35 43 46 57 48 58 55 47 48 29 44 36 55 45 39 56 38 53 46 59 26 30 44 49 39 42 50 50 53 41 33 42 25 46 53 53 53 56 59 58 59 42 38 38 53 57 50 46 39 39 56 52 56 55 54 50 58 54 61 23 48 44 48 41 50 51 58 48 50 59 59 50 59 52 56 26 19 38 59 59 60 46 55 31 32 42 59 59 57 60
31 48 32 51 46 46 56 57 56 53 36 38 49 53 57 55 52 59 52 59 57 47 53 59 55 42 45 54 53 54 28 49 53 58 43 58 58 52 41 45 58 32 41 36 38 54 52 49 59 59 26 36 46 48 39 41 52 53 54 40 44 42 44 52 53 58 49 49 57 61 61 56 57 48 58 57 53 60 45 40 57 58 57 52 54 56 56 57 61 56 52 51 51 45 52 48 60 58 56 59 59 56 58 57 57 45 27 41 59 59 61 54 53 40 40 46 60 55 59 61
26 36 23 44 41 32 37 54 44 30 21 35 43 49 55 50 42 59 48 59 58 40 53 28 48 33 49 54 53 53 37 37 35 58 46 55 58 34 21 16 58 33 46 40 37 56 47 48 54 58 28 26 42 39 36 41 53 50 51 38 31 36 43 44 52 56 48 31 48 60 60 42 55 42 40 54 54 56 41 47 45 55 44 34 38 51 51 51 60 34 46 39 47 40 42 49 53 49 51 57 59 54 59 55 54 24 33 32 59 59 60 55 54 28 31 40 60 50 58 59
33 37 35 36 44 42 42 52 53 59 49 51 49 57 55 48 45 59 38 58 59 53 51 57 56 49 52 53 55 53 50 51 50 58 54 58 58 52 50 47 59 51 52 52 53 58 56 48 55 59 41 38 52 46 49 53 57 59 59 41 47 47 41 51 54 51 58 51 60 60 60 51 50 52 55 60 52 56 49 57 60 61 53 54 42 53 60 57 60 56 58 56 59 47 58 54 57 43 52 60 59 56 59 59 57 41 20 38 59 59 61 54 60 35 37 49 60 43 59 61
32 32 34 41 40 50 41 51 44 52 36 42 43 50 55 47 53 58 47 58 58 48 49 59 51 50 52 56 53 48 47 47 44 59 54 57 57 50 44 45 59 45 55 45 47 59 54 47 56 59 37 41 53 51 46 56 61 59 52 40 35 36 34 44 49 55 59 42 60 60 60 54 46 54 58 55 53 52 50 51 59 60 48 52 51 57 58 50 60 60 50 49 56 40 46 45 55 53 52 60 59 58 59 51 53 30 17 37 59 59 60 50 52 27 30 40 57 58 57 61
32 32 36 34 33 37 47 55 47 45 38 31 33 53 58 47 28 59 37 57 57 44 54 44 48 37 41 57 55 56 29 34 35 55 50 56 54 34 36 30 52 25 41 38 26 57 53 48 52 58 26 36 43 46 38 51 55 55 50 40 35 34 34 32 50 54 43 30 44 57 59 54 51 45 36 58 56 58 34 37 37 46 44 46 46 49 58 58 58 37 43 42 50 39 51 43 57 50 52 58 59 51 59 52 54 20 18 30 59 59 61 48 47 27 18 31 60 57 59 61
12 33 24 30 40 42 37 43 49 21 19 8 18 40 53 35 6 57 19 56 58 23 46 21 33 23 33 51 50 49 26 21 17 54 24 57 56 22 16 18 53 18 24 35 34 52 38 41 44 53 29 27 37 48 47 46 41 47 25 15 20 17 21 23 42 48 41 21 51 59 58 27 40 13 18 39 45 48 35 23 41 54 44 32 41 42 51 43 60 32 21 25 25 27 29 44 57 42 41 50 57 40 53 37 28 17 14 23 59 59 53 34 40 22 22 23 51 34 51 39
18 28 27 42 44 42 23 46 46 54 47 47 47 49 55 52 42 59 36 59 57 50 52 55 58 52 35 53 56 55 47 52 53 59 52 58 56 57 49 43 59 37 54 41 47 54 44 47 52 59 43 38 50 48 36 44 46 51 54 46 35 41 40 50 53 58 53 52 57 59 60 47 49 38 57 58 54 53 42 56 59 60 57 54 50 47 55 55 60 55 54 50 52 42 53 53 52 46 49 59 59 53 59 58 57 31 37 41 59 59 59 54 58 43 42 33 51 46 57 60
26 38 31 47 51 47 52 54 56 54 44 46 43 53 55 56 47 59 52 58 56 49 53 52 53 54 57 56 54 55 38 57 47 56 59 58 55 53 45 36 58 49 57 53 45 59 56 52 52 58 38 45 55 56 53 54 58 61 59 50 49 47 43 52 58 58 54 46 58 61 61 55 51 54 57 59 57 54 29 56 55 60 54 52 43 57 58 52 61 58 52 51 56 40 56 53 57 53 58 61 59 59 59 59 53 46 39 50 59 59 60 61 59 39 42 57 57 43 59 59
18 29 26 31 29 39 30 43 35 32 22 32 34 45 52 32 35 56 40 59 57 47 49 41 49 42 36 53 51 52 28 33 26 51 44 49 54 34 19 12 47 35 46 32 33 54 40 46 46 55 28 29 33 28 34 45 54 53 51 31 35 36 40 42 39 50 47 34 56 59 57 46 52 32 30 53 49 46 25 43 41 52 31 37 29 46 56 36 58 32 43 45 45 31 36 28 42 38 54 57 59 50 58 54 49 21 13 36 59 59 60 44 46 37 26 30 56 47 58 56
25 37 40 34 39 49 47 56 54 51 44 38 44 47 56 54 25 59 40 55 52 48 56 45 51 50 37 52 51 53 21 40 50 57 45 58 57 47 47 38 59 31 45 33 36 55 43 45 54 57 18 19 29 36 23 36 37 39 60 54 44 42 40 47 47 60 46 41 49 59 60 50 49 47 49 58 59 58 41 40 53 52 49 48 47 50 55 56 59 39 46 47 55 41 52 54 57 50 48 58 58 48 56 51 56 28 18 21 59 59 61 60 56 27 42 45 61 54 59 61
31 36 29 49 47 42 51 55 55 45 43 37 40 50 59 48 41 58 34 59 59 40 55 44 50 33 38 57 57 56 30 43 32 55 39 58 51 37 35 34 50 31 41 42 40 56 45 48 53 59 35 35 46 39 48 48 49 57 50 35 36 36 36 45 56 57 44 54 54 60 60 48 50 34 50 58 55 52 43 44 46 36 42 46 48 57 59 56 60 29 41 38 43 35 50 42 60 54 55 60 59 47 59 53 55 39 24 36 59 59 60 53 54 37 35 37 61 56 58 61
23 30 22 33 37 40 40 49 50 45 46 11 35 43 52 44 12 55 25 56 50 36 47 15 49 32 27 43 52 44 20 34 31 52 31 50 54 37 37 28 53 24 35 26 28 44 48 45 42 57 20 27 33 33 34 40 38 38 52 39 26 27 25 30 38 54 42 28 49 52 56 42 48 34 44 55 59 45 24 44 41 41 39 36 37 41 57 42 52 33 32 39 47 31 35 36 44 41 37 52 59 44 58 54 47 23 15 30 59 59 59 54 51 28 28 43 57 58 58 58
25 39 32 56 53 49 50 58 58 54 44 45 50 58 56 53 36 58 52 57 57 51 58 49 55 57 44 56 52 56 31 52 50 58 49 58 57 48 50 49 57 43 53 46 42 57 56 52 52 58 33 23 47 43 45 51 49 55 55 55 50 49 44 54 56 60 49 50 57 61 58 58 58 55 57 60 60 59 34 50 58 59 53 54 57 58 58 57 59 58 55 42 56 53 54 54 59 53 56 61 59 57 59 58 58 39 20 31 59 59 61 56 57 39 25 33 60 53 59 61
24 25 17 46 30 37 23 55 48 42 30 38 22 45 57 29 25 59 24 59 58 32 53 42 38 29 35 44 54 56 31 42 20 53 34 57 56 35 18 20 55 22 40 33 29 54 43 43 54 57 34 27 35 43 29 50 51 47 38 33 20 30 33 38 44 51 42 35 44 54 61 43 36 29 43 40 51 49 39 39 44 47 51 49 47 52 55 51 58 32 32 22 34 36 41 43 53 44 33 59 59 48 57 48 54 28 21 28 59 59 55 52 48 25 30 32 56 42 58 60
16 22 24 33 32 39 29 48 37 46 28 24 29 46 51 43 27 59 34 51 53 40 47 33 48 33 42 51 44 52 28 40 41 52 42 51 47 45 37 18 49 31 44 42 35 56 49 51 47 46 14 20 37 32 26 40 50 50 47 36 23 27 36 38 47 55 50 29 37 57 61 47 52 22 15 52 54 56 28 31 47 57 35 34 40 53 60 53 60 41 43 38 45 30 31 31 53 50 52 60 56 46 54 49 53 27 18 22 59 59 61 55 48 30 35 34 60 46 57 61
17 28 18 45 43 39 39 51 56 40 35 43 33 48 54 28 33 58 48 55 56 41 52 45 46 36 27 52 55 54 28 39 30 57 42 58 54 38 29 12 55 28 49 38 35 52 49 42 53 58 31 22 38 34 35 46 48 52 47 34 36 31 30 38 50 52 54 30 49 59 61 40 47 40 39 48 52 54 38 44 55 57 43 41 47 47 55 50 60 52 47 41 46 31 39 40 54 40 56 59 59 52 57 54 57 26 22 34 59 59 58 53 45 29 39 33 58 48 57 55
22 33 38 38 44 41 34 50 44 48 44 53 47 50 58 44 50 57 48 58 58 56 50 54 56 45 50 53 58 51 49 47 43 56 54 56 59 49 39 38 54 43 58 57 53 58 51 46 48 57 34 47 58 54 51 56 55 51 59 44 35 37 36 40 53 58 59 39 50 60 60 51 53 56 55 61 53 50 41 46 55 58 49 44 38 52 58 54 61 57 57 51 58 44 51 48 52 41 57 60 59 59 59 57 58 31 23 51 59 59 61 56 61 45 31 41 58 59 58 61
40 35 37 43 48 48 31 54 54 58 53 52 51 54 59 41 48 59 23 59 59 46 57 54 58 49 45 56 55 58 39 48 44 49 46 59 56 51 53 54 52 44 50 47 32 59 52 55 55 58 38 34 39 53 54 57 53 56 60 52 36 40 40 55 58 59 54 41 55 60 61 50 51 53 55 58 55 54 43 57 40 58 55 51 46 51 61 53 61 35 48 52 57 49 53 53 61 48 57 61 59 56 59 57 57 34 37 45 59 59 61 60 60 47 37 54 59 48 59 61
32 32 32 41 33 39 28 53 48 33 34 41 30 36 54 32 22 57 31 59 59 39 49 36 42 31 35 47 50 52 32 46 28 56 35 54 49 40 34 26 51 31 39 47 39 55 46 38 47 58 28 34 44 40 40 48 53 50 43 26 23 27 31 39 56 56 43 37 55 58 59 39 42 34 28 47 56 56 31 40 52 59 43 36 41 45 52 49 60 49 40 42 43 30 30 45 54 39 46 60 59 56 59 55 55 31 18 31 59 59 61 53 45 38 26 31 52 49 54 61
46 45 42 47 41 45 48 55 51 52 37 35 38 52 55 53 51 59 53 57 56 53 51 54 50 48 50 51 52 53 33 51 53 57 49 55 57 52 51 50 58 41 53 45 42 56 49 46 47 56 36 47 58 51 44 52 51 49 58 37 33 34 36 53 54 58 58 57 61 61 61 52 49 54 52 59 58 54 34 53 60 61 51 56 50 51 58 55 61 61 54 48 57 43 48 36 56 45 54 60 59 58 58 56 54 43 36 41 59 59 60 60 56 45 32 50 60 59 58 61
33 43 41 44 46 47 36 48 42 35 30 47 40 45 54 52 49 58 38 59 57 54 48 54 50 56 50 56 51 55 30 52 48 57 52 56 52 47 34 40 56 45 58 51 47 58 35 46 53 59 35 39 48 51 42 46 44 46 51 41 40 48 37 46 54 59 44 49 58 58 60 55 50 31 56 59 60 53 44 47 58 59 58 55 53 48 56 57 61 41 45 42 48 54 52 57 58 47 51 60 59 57 59 48 57 37 19 28 59 59 61 52 57 32 27 42 56 38 59 59
