89 82 95 96 92 106 105 116 108 113 100 98 103 111 115 110 82 118 96 119 118 106 113 95 115 100 109 110 101 114 88 100 106 118 109 112 114 106 102 78 118 96 109 104 99 116 113 105 111 115 86 93 103 93 97 107 100 109 119 107 91 98 90 90 114 115 110 106 115 119 118 111 94 100 113 116 109 113 88 101 107 111 103 112 105 105 114 112 119 104 110 103 111 99 109 112 114 108 110 114 119 113 119 117 113 79 85 102 119 115 119 108 108 82 86 102 116 110 119 118
73 101 76 103 110 110 104 115 116 115 97 100 109 107 116 108 101 119 81 119 117 107 107 109 118 102 97 111 116 116 77 105 108 99 108 113 117 117 110 97 107 94 114 93 90 112 116 110 96 116 81 94 109 106 91 101 107 114 116 110 96 87 86 90 115 116 111 93 110 115 115 103 107 115 110 118 116 114 98 107 112 109 105 107 105 105 113 116 117 97 113 110 113 101 107 105 114 106 93 111 119 115 118 115 114 96 84 91 118 116 119 113 115 95 75 110 109 105 118 118
72 78 74 98 106 87 98 114 106 94 84 76 76 101 115 113 79 119 86 110 104 85 103 95 108 96 108 100 104 96 96 97 92 117 97 105 105 95 89 88 118 107 115 115 118 112 80 98 99 97 91 85 109 83 81 64 88 82 101 95 68 88 81 110 115 114 110 107 116 114 119 100 97 91 103 104 106 98 107 93 98 110 108 101 105 95 95 106 111 103 92 82 99 92 98 117 115 105 59 98 113 105 115 99 101 86 70 75 115 111 116 100 105 77 93 91 109 106 117 116
95 108 84 107 103 101 106 114 107 116 100 104 106 113 115 114 91 118 111 119 118 110 111 111 117 109 111 114 103 112 95 113 108 118 114 115 119 113 113 110 119 103 118 108 111 119 106 109 106 119 99 97 118 101 93 98 109 93 115 105 101 97 93 99 114 109 117 99 116 117 119 112 109 110 106 116 109 115 108 111 116 119 112 109 104 107 118 115 119 117 115 104 115 106 113 105 116 108 95 115 119 115 119 118 119 99 92 110 119 117 119 119 113 105 99 103 95 108 119 118
92 103 92 104 96 91 110 111 114 110 100 103 108 117 119 117 117 117 113 119 119 113 115 118 119 103 94 117 116 117 80 109 108 117 108 117 117 103 107 107 117 98 105 94 94 117 115 110 106 119 92 100 107 108 105 108 107 116 117 109 105 104 96 105 103 117 106 106 108 118 119 115 112 104 110 117 106 117 94 106 112 112 110 101 110 115 114 110 119 110 107 114 116 105 104 104 116 114 110 115 119 114 119 117 115 83 88 100 119 113 119 114 109 90 90 99 111 100 118 116
75 93 75 99 93 88 111 116 111 109 103 92 96 102 112 116 94 119 89 116 110 102 110 105 116 109 111 116 115 109 96 114 104 113 117 107 117 112 102 97 119 94 116 109 112 118 102 115 110 117 87 91 107 97 80 94 93 108 104 101 95 92 82 108 108 112 110 104 116 119 118 104 105 99 109 118 112 110 108 115 117 118 116 115 116 111 110 114 118 114 113 103 106 111 117 114 116 110 102 117 119 118 119 116 117 94 90 97 119 117 118 116 114 93 92 102 97 103 119 117
86 95 86 102 92 97 108 115 111 115 106 101 101 108 110 113 92 119 97 116 116 113 108 115 114 101 98 113 110 114 93 102 113 115 109 116 115 109 114 110 119 92 111 90 106 112 114 105 111 118 76 77 97 98 93 108 108 107 116 110 104 99 85 109 110 109 112 107 112 116 116 105 105 107 105 116 111 113 106 106 103 116 110 98 95 112 118 112 118 96 105 105 113 101 100 105 109 106 112 113 119 117 119 118 105 94 85 90 119 118 119 116 118 104 96 100 115 118 118 118
88 91 73 91 92 88 88 104 107 102 86 89 90 107 115 91 86 119 95 118 117 108 110 99 106 93 112 113 109 111 101 100 92 117 114 115 111 100 90 82 116 102 113 111 108 117 111 102 101 119 92 91 104 106 92 95 114 108 105 92 79 82 80 87 93 105 112 82 106 119 113 96 110 90 88 107 100 115 94 94 97 115 106 105 105 111 100 108 119 112 104 92 100 101 100 114 107 107 98 116 119 111 119 117 109 96 89 91 119 112 119 117 109 95 90 88 101 110 115 116
75 94 85 101 96 102 99 112 109 87 81 92 98 105 110 106 95 119 100 119 113 101 110 94 109 95 92 105 98 106 93 109 101 117 101 116 112 102 92 86 118 98 100 102 97 110 106 97 97 116 89 92 95 100 93 103 96 103 98 87 97 91 82 92 99 105 106 75 106 118 119 99 110 88 91 117 106 112 95 107 101 112 107 100 104 112 102 108 119 93 106 100 98 92 104 100 115 111 102 114 118 106 118 112 114 84 79 93 119 112 118 115 111 92 86 86 98 106 118 118
71 101 94 105 100 90 111 119 102 114 94 101 100 110 114 104 106 119 99 119 113 106 106 109 113 106 107 104 99 110 106 109 117 119 112 114 115 117 113 109 119 108 117 113 110 117 103 98 109 119 96 90 107 104 93 105 94 107 118 108 106 105 99 106 117 119 108 110 112 118 119 108 105 109 112 119 112 114 106 110 111 115 115 111 110 115 118 110 118 89 114 109 113 113 114 108 114 105 107 119 119 117 119 118 119 97 91 107 119 117 119 117 118 88 86 103 113 108 118 119
83 104 92 102 100 100 104 112 105 113 96 105 103 108 110 102 90 119 89 118 118 105 115 110 111 112 108 108 105 109 104 103 99 116 104 117 113 103 102 99 116 102 110 115 104 116 112 109 108 116 67 86 102 96 96 94 110 106 116 106 98 86 75 95 116 116 106 96 115 119 119 102 106 115 112 115 110 115 107 106 115 101 111 106 102 106 116 112 119 92 111 107 112 102 109 101 114 106 108 115 119 108 118 108 114 82 78 88 119 114 119 105 115 72 81 100 87 101 116 117
101 93 94 102 107 98 116 112 113 117 102 107 103 108 111 118 100 119 90 118 118 104 112 118 116 103 109 114 106 113 102 117 112 118 109 118 118 117 108 102 118 110 109 101 96 117 112 114 108 119 68 91 108 107 96 97 108 115 114 97 99 102 93 105 111 117 114 111 115 119 119 113 112 102 111 118 113 118 101 109 118 117 114 113 110 112 117 112 119 104 114 110 115 106 111 108 116 109 108 117 118 117 119 117 119 103 89 102 119 116 119 118 118 101 106 101 107 111 119 119
95 95 87 106 102 108 107 112 112 112 103 104 104 104 114 104 98 119 75 118 112 111 111 113 115 110 109 109 99 114 107 104 101 115 114 116 114 105 109 105 119 102 115 100 112 117 112 106 110 118 91 87 108 105 99 106 115 109 107 99 97 96 85 98 117 116 112 106 118 119 117 106 102 109 111 118 112 116 105 105 116 117 110 103 104 108 112 112 118 116 110 99 114 108 107 106 116 105 108 112 119 114 119 118 118 88 79 88 119 117 119 117 118 96 90 94 110 118 119 119
78 85 76 90 102 93 106 108 111 111 104 106 104 109 112 103 103 118 91 118 116 105 106 114 115 105 88 110 107 108 86 110 109 117 110 115 113 108 107 95 116 95 106 103 94 112 110 100 106 119 89 82 111 95 93 102 112 110 111 87 91 86 87 102 109 113 115 107 113 118 117 101 104 101 111 116 110 113 88 113 109 113 103 105 101 109 116 114 118 93 114 102 110 99 106 92 113 109 110 118 119 115 119 117 115 102 100 102 119 116 119 118 114 97 96 98 109 111 119 119
88 93 97 104 108 109 96 112 108 118 110 110 104 115 118 106 109 119 95 119 118 108 109 113 115 103 105 113 116 116 98 117 106 118 104 116 115 111 108 95 116 106 105 106 107 117 104 104 107 119 98 90 109 99 109 111 111 111 114 98 106 87 87 103 111 116 112 103 113 119 119 105 108 111 112 119 116 112 104 115 119 115 116 107 111 108 111 112 119 107 114 106 115 104 108 105 116 111 107 117 119 116 119 118 117 101 85 99 119 118 119 114 116 98 105 89 115 108 119 119
73 97 86 102 90 83 101 108 102 111 84 87 87 106 114 109 86 119 85 119 114 98 115 101 116 102 109 115 112 116 102 104 102 116 114 115 117 109 98 95 113 94 117 102 113 117 111 112 110 118 101 104 111 109 81 99 108 110 106 91 79 84 86 99 114 109 115 106 117 118 117 98 110 83 92 117 107 112 101 112 108 118 114 103 107 108 115 102 118 115 102 104 105 103 102 101 113 105 108 110 119 113 119 113 103 97 83 89 119 115 118 111 113 99 89 94 114 109 119 119
80 87 78 99 97 96 104 114 110 104 94 95 98 106 114 99 98 118 86 119 119 110 110 113 114 95 105 114 95 112 95 109 95 118 101 117 116 102 99 82 118 93 100 96 97 113 115 109 108 118 84 83 106 101 86 100 102 111 103 85 91 88 90 110 112 117 111 105 118 118 119 114 112 94 114 111 115 113 96 105 115 117 101 101 106 114 118 112 119 108 97 91 96 93 99 107 116 110 108 112 119 109 118 113 113 88 87 106 119 114 116 109 115 96 90 84 109 100 117 118
95 102 99 105 104 107 113 115 108 115 97 102 112 109 111 118 114 119 101 119 114 109 112 118 116 105 101 112 106 114 91 113 114 119 108 117 117 109 110 111 119 97 109 98 96 115 110 100 105 119 96 85 103 92 91 93 110 107 112 107 112 109 103 108 106 108 112 113 116 117 118 117 110 107 118 119 110 109 113 109 116 115 111 115 107 111 118 109 119 102 110 113 113 110 114 95 111 107 109 117 119 113 119 117 118 104 90 103 119 119 119 118 118 99 110 96 116 116 119 119
85 98 87 110 106 101 109 115 104 115 113 110 113 117 119 115 113 118 115 119 118 116 114 117 116 106 100 112 109 115 96 109 111 119 111 118 119 107 104 108 118 93 112 99 106 115 110 108 110 119 76 87 98 110 92 105 111 111 116 108 99 105 92 111 112 113 113 110 117 117 119 112 108 114 118 119 113 110 112 113 117 116 115 113 109 111 116 114 118 115 112 114 113 113 116 101 112 106 111 115 119 115 119 117 118 104 80 102 119 115 119 116 118 95 92 97 113 107 119 119
78 85 83 99 89 104 79 111 108 87 89 86 80 95 107 79 79 116 91 116 114 93 105 88 108 111 117 113 105 109 78 91 84 103 115 117 100 82 78 68 95 100 116 110 114 118 108 110 113 113 74 86 101 91 82 109 111 110 95 89 83 90 79 98 103 109 98 104 114 115 110 99 98 89 94 110 99 106 86 89 108 110 96 97 101 107 103 108 116 88 99 86 97 87 109 91 115 111 111 109 119 114 115 109 116 69 70 83 119 111 109 103 99 70 85 72 108 103 117 114
80 114 96 111 113 108 113 116 117 117 111 106 114 116 116 115 109 119 113 114 115 114 116 114 118 106 113 111 106 115 87 110 113 118 115 117 116 116 116 109 117 89 111 106 101 117 114 107 114 118 96 98 104 115 105 112 105 114 116 112 108 110 111 114 114 118 111 115 115 118 116 117 114 111 115 118 111 115 85 114 115 116 109 116 105 114 117 113 117 117 117 109 115 103 113 95 116 100 108 116 119 116 119 119 113 94 94 109 119 119 119 117 116 104 90 117 111 104 119 119
90 98 89 100 97 105 106 112 102 112 110 105 107 100 115 109 103 118 85 117 109 111 111 113 118 108 108 113 114 114 101 115 113 112 113 117 115 111 110 102 115 100 114 101 114 117 107 104 114 118 101 100 113 104 102 111 108 109 118 106 101 99 79 98 114 112 115 108 117 118 118 107 99 117 114 118 116 112 94 111 117 116 112 105 108 105 112 108 119 119 116 108 115 100 105 108 114 105 107 115 119 119 119 119 115 104 98 113 119 118 119 118 111 102 96 101 116 111 119 119
77 88 75 87 83 99 87 90 90 98 96 82 89 108 107 92 107 105 102 111 109 103 94 101 102 96 97 89 114 93 103 92 98 111 98 91 116 97 100 90 106 98 101 82 94 93 89 83 92 109 86 74 95 87 73 96 94 96 108 84 81 73 65 67 84 101 111 74 93 112 111 84 71 111 99 114 117 88 97 100 105 109 103 91 77 87 114 95 108 118 111 94 111 98 80 83 95 71 91 103 119 103 117 114 95 98 83 96 119 105 118 118 115 97 86 98 111 110 119 119
86 100 90 99 104 101 106 118 109 111 105 97 100 110 115 103 112 119 114 119 119 102 113 115 117 101 107 114 103 114 100 107 92 118 106 119 114 115 102 69 118 88 110 102 105 117 109 110 112 117 89 91 106 96 90 100 114 112 110 103 100 97 104 106 116 116 113 104 113 118 117 109 108 97 111 117 112 112 103 105 108 118 106 107 107 112 114 114 118 101 103 105 111 100 111 108 116 107 102 113 119 111 119 116 117 95 76 107 119 113 119 113 113 104 88 109 108 103 119 119
78 94 80 93 89 96 110 111 115 115 105 104 110 102 108 114 97 119 110 116 110 111 107 111 111 105 111 106 96 110 95 110 103 119 116 118 115 112 108 104 119 96 113 108 113 115 98 103 101 118 76 91 100 105 95 102 116 116 112 104 92 99 93 104 112 109 114 110 115 118 119 108 107 96 109 117 107 112 102 100 113 119 114 114 101 111 112 112 119 115 108 99 107 105 105 111 113 107 89 119 119 116 119 118 111 101 90 101 119 118 119 117 112 95 96 105 106 101 119 119
88 92 86 107 102 113 110 109 107 116 110 100 94 100 113 116 99 119 105 119 113 94 105 111 115 102 91 110 103 113 109 116 115 119 102 116 117 117 110 112 119 94 106 109 97 114 94 83 99 118 98 86 92 96 96 101 100 105 118 107 107 98 96 106 104 115 104 107 110 117 116 107 112 108 117 119 114 116 102 108 117 110 112 113 110 113 115 108 116 103 111 108 113 94 110 108 112 111 104 118 119 118 119 119 119 101 103 100 119 119 119 119 111 96 108 102 113 116 119 119
88 108 100 108 104 98 107 113 113 113 96 91 98 114 119 113 89 119 97 119 116 112 117 108 117 108 110 118 114 116 107 111 102 117 113 119 114 109 107 102 118 108 116 111 112 119 117 113 108 119 102 97 101 112 104 106 110 115 113 105 96 91 97 99 117 117 114 90 116 118 119 109 112 109 105 117 119 115 108 111 119 119 115 114 114 112 117 116 118 118 108 112 112 107 110 111 118 114 103 115 119 118 119 118 118 101 98 95 119 119 119 118 116 104 93 97 114 115 116 117
91 88 85 99 103 108 110 113 106 114 107 97 108 114 111 113 96 119 106 115 114 104 109 113 117 107 113 113 95 110 108 114 107 119 115 119 117 108 107 108 119 110 117 110 112 118 117 107 113 119 70 84 104 102 91 102 117 115 115 110 92 95 93 96 110 111 118 99 116 119 118 107 105 104 113 118 97 112 105 104 114 119 115 111 108 114 115 112 118 118 111 104 113 99 108 108 117 106 112 118 119 119 119 116 118 88 93 98 119 116 119 118 117 99 103 106 105 108 119 119
88 88 85 103 110 102 102 116 115 112 107 110 103 115 115 114 110 119 102 118 118 109 106 118 115 109 106 108 107 113 98 111 111 118 107 119 119 111 101 103 115 107 118 114 113 119 105 101 113 119 95 85 102 102 96 104 116 114 113 98 99 104 92 104 113 111 116 113 118 119 117 114 108 100 114 118 112 114 109 114 115 116 111 111 111 110 110 116 119 114 115 106 114 108 108 112 119 108 111 117 119 114 119 119 116 105 84 104 119 118 119 118 116 96 101 97 112 108 119 119
81 101 84 95 102 107 81 115 115 108 98 97 98 107 114 98 96 119 96 117 117 99 112 112 113 101 102 110 110 114 104 109 97 113 93 118 113 106 104 103 112 96 104 98 108 114 113 106 112 115 83 81 108 89 82 90 105 113 114 98 74 75 90 104 111 118 116 95 110 118 119 106 112 100 105 115 113 119 98 98 112 115 104 94 93 104 114 110 116 107 103 105 113 103 105 100 115 108 105 113 119 111 118 115 113 91 79 93 119 109 119 111 116 89 82 98 110 111 116 118
65 83 82 91 85 86 96 110 109 87 81 75 83 89 98 100 75 116 79 113 110 94 108 84 103 100 109 111 103 109 83 90 82 108 95 111 114 83 80 66 109 89 103 101 88 113 102 104 105 111 71 80 96 95 75 101 106 106 95 86 78 89 87 92 104 96 100 95 109 119 111 97 100 73 70 106 94 104 84 89 103 112 89 92 91 113 111 108 117 101 99 87 91 84 95 91 107 106 104 108 119 106 116 109 99 89 72 81 118 112 114 100 104 77 78 87 107 116 119 113
93 107 84 107 110 97 119 111 113 115 111 105 107 116 118 119 105 119 105 119 119 113 112 114 115 113 114 114 107 111 106 110 118 118 116 119 117 119 118 112 119 104 116 104 113 117 114 105 115 119 92 94 112 110 87 109 97 111 119 105 105 102 104 113 117 118 115 116 118 119 117 117 109 114 118 118 113 116 107 110 118 119 116 111 114 115 118 116 119 117 119 113 117 110 115 108 118 114 108 119 119 114 119 118 119 101 114 108 119 115 119 119 119 106 109 112 112 115 119 119
83 110 93 111 109 103 107 117 113 116 113 105 99 113 118 116 107 119 96 119 119 113 114 111 117 109 112 112 105 115 102 114 105 118 115 119 119 117 109 97 117 106 110 108 110 116 114 108 110 119 106 98 113 111 102 101 108 109 116 103 92 96 90 108 118 115 111 107 119 118 119 107 116 108 113 118 115 116 101 116 119 118 113 113 107 104 117 115 119 114 114 112 115 108 114 106 117 109 115 113 119 117 119 118 115 103 98 105 119 116 119 116 114 94 102 102 114 113 119 117
58 88 65 99 96 86 94 115 114 102 104 105 103 110 115 99 95 118 91 118 116 107 112 106 112 102 91 103 107 113 92 110 84 115 97 116 111 98 83 90 116 84 90 84 92 101 98 94 112 118 89 77 102 98 82 99 112 107 99 91 91 101 92 107 114 116 103 101 115 119 113 105 111 79 89 105 108 114 91 104 104 112 101 100 100 107 90 103 117 111 92 94 88 81 91 88 108 100 110 105 119 104 118 106 115 93 81 96 119 107 117 110 114 89 90 98 105 103 118 119
99 93 90 102 113 109 108 116 111 115 103 102 96 103 116 116 95 116 89 118 117 106 108 111 111 102 95 109 109 111 85 114 112 113 101 116 112 115 114 106 115 100 109 104 104 113 105 94 113 116 78 91 106 95 98 99 73 91 117 100 101 97 99 111 106 119 113 104 110 107 117 108 115 113 113 118 117 113 84 109 114 105 110 102 102 113 116 111 118 114 117 100 117 109 105 110 115 110 83 115 119 114 119 116 119 93 73 104 119 115 119 117 117 104 80 108 116 114 119 119
83 89 79 99 97 99 115 116 114 116 104 108 103 112 113 110 105 119 97 117 115 111 113 117 117 112 105 117 106 112 101 112 111 118 106 118 118 113 111 107 117 99 113 111 108 114 112 109 117 119 83 95 116 110 113 111 115 118 119 104 100 103 87 107 114 112 113 95 112 119 119 110 108 113 113 118 114 108 94 114 117 115 115 107 104 111 118 113 119 113 115 110 118 104 113 106 115 110 104 116 119 118 119 119 107 104 95 108 119 113 119 114 116 89 76 101 110 110 119 119
89 102 95 107 108 100 115 116 113 112 92 94 98 110 115 110 88 119 83 118 115 108 110 101 113 110 99 106 111 109 84 105 112 117 110 119 112 111 111 89 118 103 112 86 98 111 112 101 104 119 82 89 97 94 79 99 111 116 115 106 94 102 95 106 112 117 108 107 117 119 118 114 110 113 116 118 108 113 98 98 107 112 101 108 101 116 114 109 119 112 110 103 109 90 106 89 115 112 105 117 119 116 119 118 116 89 76 94 119 119 118 117 115 94 96 102 107 106 117 117
95 90 93 106 99 113 114 118 117 114 98 105 105 113 117 115 88 119 101 117 116 108 118 110 115 105 115 111 114 118 89 113 108 119 110 116 119 116 111 111 119 98 110 92 103 116 114 112 114 118 95 97 115 106 104 116 114 119 115 99 90 99 101 104 113 114 116 103 115 118 117 110 112 108 111 115 105 115 104 114 119 118 108 106 107 114 119 110 119 116 111 115 112 104 113 94 113 116 107 118 119 117 119 118 103 103 91 101 119 110 119 113 110 92 102 102 91 108 119 118
74 74 63 83 82 82 109 110 105 110 108 100 82 91 113 103 94 115 67 118 114 98 100 107 114 100 106 108 112 104 101 99 92 109 107 113 113 105 104 88 114 101 111 113 113 116 99 95 107 119 79 79 107 103 82 100 106 108 115 102 84 84 87 90 106 110 111 68 106 119 118 102 109 96 96 115 106 109 100 95 101 116 106 104 100 108 114 110 119 94 102 103 109 108 101 96 111 107 105 116 119 115 118 115 109 79 82 100 117 106 118 113 107 61 83 81 110 113 115 118
83 86 81 95 92 92 102 113 98 115 107 106 95 108 115 111 92 119 93 118 114 106 108 112 112 104 111 113 100 111 100 106 110 118 108 118 117 113 113 100 119 91 110 109 109 118 105 107 93 116 96 97 109 103 94 98 107 114 115 110 105 101 90 102 104 116 117 98 118 116 119 106 110 102 108 119 113 112 93 108 115 118 108 103 108 108 118 111 119 108 107 105 116 101 107 102 112 101 99 118 119 117 119 115 112 86 82 102 119 116 119 114 113 102 92 101 109 117 118 118
89 96 95 86 99 99 105 111 108 113 96 107 98 111 115 113 95 116 109 118 116 104 108 114 115 91 105 111 101 114 93 104 112 116 112 108 114 107 112 108 115 101 110 108 111 116 110 108 100 119 99 88 111 88 99 101 113 108 115 93 98 99 96 106 111 109 117 97 114 118 118 108 108 114 102 118 106 114 107 108 109 117 106 104 96 111 112 112 118 115 116 113 114 99 104 93 113 106 107 117 119 116 118 116 114 93 77 106 119 116 119 118 118 103 82 103 113 116 119 118
93 98 88 90 95 100 108 114 116 107 100 98 86 99 115 111 81 119 86 119 110 97 103 98 109 98 94 111 102 109 99 106 103 113 92 112 111 105 98 88 117 102 102 107 99 109 102 92 99 114 94 78 100 93 79 86 97 109 112 96 87 94 80 93 111 115 111 98 106 117 118 106 105 79 107 118 108 113 97 103 106 115 99 94 103 107 113 110 117 72 105 105 104 108 108 109 112 105 93 110 119 112 119 118 116 98 79 107 119 113 119 117 108 96 80 95 101 103 117 113
98 90 73 104 102 98 99 118 113 117 88 105 94 99 110 106 81 119 94 119 111 106 113 114 117 102 104 110 109 113 109 115 115 118 108 119 117 113 115 106 116 105 112 105 104 119 113 102 108 119 97 82 117 102 90 105 114 117 117 88 104 93 92 102 113 109 117 100 116 119 119 113 110 100 90 119 110 116 106 104 113 118 108 107 106 115 113 113 119 94 111 109 113 105 108 98 114 114 102 115 119 117 119 118 117 102 98 106 119 118 119 118 116 101 100 100 103 108 118 118
70 72 79 66 88 85 92 107 95 104 91 91 104 111 118 101 91 118 105 114 114 101 112 107 102 93 88 106 106 115 76 87 95 112 103 114 114 99 88 92 116 83 95 91 88 110 104 92 103 108 89 82 87 86 99 105 99 107 105 100 94 101 104 97 88 111 94 92 92 112 109 110 106 84 91 109 110 110 82 88 104 105 100 102 97 108 113 106 115 95 94 87 92 92 107 84 109 106 110 109 119 109 119 105 115 71 80 79 119 112 114 106 114 83 79 87 115 114 119 119
74 85 79 93 94 88 98 110 103 102 85 83 103 99 107 106 86 119 95 116 116 107 112 93 109 92 93 109 101 114 85 93 102 110 108 116 114 104 96 86 115 88 102 75 98 113 115 111 103 118 92 84 105 88 86 100 106 106 104 79 91 92 77 89 99 110 113 96 111 116 117 102 99 92 92 108 100 112 87 98 101 116 98 91 87 100 102 101 118 109 111 102 103 93 95 92 109 103 100 115 119 113 118 114 112 82 76 80 119 110 115 113 113 88 89 88 105 103 119 118
90 93 94 97 101 102 105 114 101 112 105 99 105 113 118 106 112 116 97 119 118 112 115 117 117 102 110 110 109 111 94 111 111 114 112 106 115 116 106 100 118 86 105 100 105 112 115 111 109 119 94 87 109 95 99 107 105 104 116 102 92 99 97 118 115 119 113 118 118 117 119 107 109 111 107 119 119 114 99 111 114 115 99 94 103 107 117 105 116 114 116 112 113 96 98 107 111 109 102 117 119 117 119 116 117 97 89 110 119 107 119 110 116 100 93 113 103 109 119 119
93 107 94 108 102 104 112 118 108 115 106 111 110 110 118 115 101 119 103 119 118 114 114 113 117 109 104 115 113 118 106 114 106 119 111 119 118 112 107 106 119 103 105 101 101 116 112 113 106 119 86 100 110 102 97 103 107 105 117 105 106 108 93 115 116 119 109 113 118 117 119 111 112 108 114 116 113 118 107 99 110 112 109 111 111 117 117 114 119 97 112 106 112 111 110 110 115 117 111 118 119 116 119 112 119 78 88 95 119 117 119 109 116 93 98 98 99 102 119 118
100 97 83 101 98 100 101 114 100 111 92 98 90 108 109 107 99 119 99 119 108 105 102 112 118 105 114 108 96 100 101 112 103 117 109 116 116 109 112 92 119 109 116 110 114 117 105 104 95 117 85 96 99 101 95 96 99 106 115 104 96 97 91 98 104 111 107 101 113 118 119 106 102 111 116 118 108 108 89 99 113 114 114 106 113 110 118 107 119 99 109 108 115 98 112 108 113 102 102 117 119 115 119 119 113 96 82 109 119 117 119 107 117 101 96 114 101 110 119 119
92 103 86 106 104 92 108 113 106 114 107 112 109 112 117 114 111 119 108 118 118 117 111 116 116 117 110 115 111 114 97 115 113 117 117 118 119 112 109 110 118 112 118 115 117 118 115 110 110 119 100 110 114 112 107 110 113 116 115 101 98 98 95 102 116 116 111 111 116 118 117 103 101 110 115 117 114 113 104 117 118 117 118 117 109 110 117 118 119 116 118 109 115 112 118 117 118 101 109 114 119 116 119 118 117 109 89 96 119 117 119 117 118 101 92 100 102 111 119 119
96 101 90 95 92 93 97 112 99 114 105 101 101 104 118 107 97 118 80 119 116 115 111 109 118 111 107 110 119 110 100 110 108 113 113 112 117 114 108 95 113 105 117 106 107 116 108 99 109 119 108 105 116 104 99 95 110 104 118 100 95 85 88 92 101 107 116 98 113 118 118 100 104 113 107 119 108 106 108 112 114 113 109 109 103 99 117 106 119 114 116 115 117 109 109 107 111 103 100 117 119 115 119 119 117 96 85 97 119 113 119 115 118 110 94 95 108 114 119 119
86 101 95 98 101 91 112 114 117 117 111 114 110 114 117 115 112 119 115 118 118 113 106 115 118 112 99 112 112 112 102 116 111 117 116 116 114 114 113 113 118 104 113 113 109 115 115 110 114 117 97 95 110 109 99 104 115 117 118 107 101 104 93 107 110 117 117 109 118 119 119 113 110 113 116 119 106 114 100 119 116 117 114 112 110 116 117 113 119 119 114 116 117 108 110 104 113 109 112 116 119 118 119 117 117 103 95 107 119 116 119 117 118 104 91 112 112 114 119 119
66 91 84 99 99 96 100 112 110 101 89 97 100 107 115 109 85 117 100 119 112 105 107 103 114 98 107 109 110 114 93 109 107 114 98 114 111 106 99 76 116 94 99 94 100 119 101 105 112 119 85 79 91 80 78 99 99 111 115 96 91 93 91 105 112 113 110 104 102 118 118 106 106 98 106 116 105 112 87 109 96 112 109 106 102 103 109 108 119 98 103 107 106 93 100 90 113 109 110 118 119 110 117 113 113 81 80 86 118 113 118 105 111 90 78 96 107 114 117 115
77 74 76 97 93 97 93 108 105 84 85 82 87 93 113 104 79 117 98 117 108 97 102 96 100 85 100 108 104 106 83 104 98 112 100 106 105 92 82 79 116 86 102 87 89 110 100 93 93 107 87 78 91 93 77 90 101 100 92 88 86 81 75 96 102 113 105 82 107 115 118 97 108 74 83 110 111 105 91 94 103 112 104 96 97 108 103 107 116 93 87 86 90 88 88 93 110 103 91 110 119 103 115 109 104 87 78 98 118 112 117 110 104 86 89 85 96 102 116 116
77 80 77 97 97 95 89 107 103 90 91 74 83 97 112 96 63 114 78 118 114 88 103 71 99 90 91 108 111 108 99 95 91 106 92 111 106 97 91 68 100 88 100 107 95 111 96 91 99 119 79 78 89 90 91 99 89 96 93 75 71 77 82 91 100 112 87 79 99 109 115 101 107 85 83 106 113 112 101 97 98 100 98 99 104 104 114 100 115 89 93 95 92 94 95 94 111 99 100 111 119 100 118 111 111 78 82 87 119 112 113 98 107 80 83 87 111 111 117 114
75 91 88 103 106 103 81 117 116 110 102 109 98 104 112 103 90 118 82 119 115 102 110 98 118 109 113 110 96 106 89 103 98 110 115 118 113 100 106 65 96 106 117 95 101 115 114 110 107 119 84 91 103 103 88 101 115 109 112 99 94 95 93 102 116 113 105 91 117 119 119 107 105 99 99 115 103 112 78 104 113 113 96 109 111 112 114 114 119 112 103 102 104 93 111 90 116 108 102 107 119 116 119 118 115 99 81 95 119 114 118 113 117 92 94 88 115 114 119 118
82 93 76 100 95 91 100 115 104 107 91 78 96 103 109 103 97 119 97 118 115 99 107 110 110 104 105 113 104 113 93 102 106 117 108 117 114 107 106 86 101 96 115 98 99 116 91 111 96 119 79 80 101 104 91 94 107 107 110 98 85 97 74 103 106 109 110 110 116 116 117 98 95 93 107 115 100 104 95 95 112 109 114 113 112 108 111 111 119 76 104 99 105 97 108 108 116 106 99 112 119 110 119 112 116 84 76 98 119 109 118 104 113 83 89 100 90 113 117 118
88 108 90 111 103 103 116 117 116 113 95 95 109 113 117 115 109 119 112 119 117 107 113 119 115 101 105 114 107 114 88 109 113 118 102 117 118 112 100 105 118 90 101 96 98 114 112 109 118 118 83 92 104 104 95 98 110 111 112 97 102 100 99 110 110 116 107 106 115 119 119 114 115 105 116 115 109 117 103 96 115 116 115 110 112 114 114 114 119 114 110 108 109 103 110 104 118 116 112 115 119 116 118 117 117 104 87 101 119 116 119 112 111 98 97 104 109 113 119 119
83 93 80 102 100 87 94 113 100 88 79 92 102 108 115 109 96 119 104 119 118 98 112 84 108 92 109 105 103 112 97 97 93 118 106 114 113 94 79 71 118 92 106 98 97 116 107 108 106 115 86 79 100 97 90 94 111 108 109 96 87 92 97 101 110 114 106 83 105 118 118 99 113 99 97 112 110 114 99 105 103 112 102 92 95 109 107 105 118 89 104 97 104 98 100 99 111 107 107 111 119 114 119 115 114 84 91 92 119 109 118 113 112 85 89 98 116 108 118 117
86 93 88 92 103 99 100 112 113 119 108 111 108 113 113 106 98 119 88 118 118 113 109 117 116 108 111 112 108 112 109 111 110 118 114 118 118 112 110 105 119 110 112 109 113 118 116 103 114 119 97 91 109 102 104 107 115 117 117 96 103 103 92 107 109 105 116 107 118 118 118 109 106 109 113 118 103 114 106 115 116 119 111 112 100 111 118 115 118 113 116 113 117 104 116 111 115 97 100 117 119 116 119 119 117 98 76 98 119 115 119 112 118 87 93 106 107 100 118 118
90 89 85 98 95 106 99 110 102 111 95 97 102 110 115 105 107 118 100 118 117 107 105 118 111 110 112 111 103 106 105 107 103 119 114 116 117 110 103 103 119 105 115 101 106 119 114 107 112 119 93 91 110 104 99 109 119 116 109 97 90 87 85 96 103 109 117 90 118 118 116 110 103 111 116 112 105 110 108 107 117 118 106 109 109 115 116 108 116 118 107 106 112 97 104 101 113 110 104 108 119 118 119 111 113 89 76 97 119 107 118 108 110 78 88 98 96 116 117 119
91 91 93 93 88 93 107 115 106 104 97 91 92 113 117 107 84 119 90 117 117 104 114 104 108 97 101 116 112 115 89 94 94 114 110 116 113 94 96 87 112 84 101 95 86 117 113 108 111 117 82 93 101 104 92 109 113 113 108 97 91 91 89 88 108 111 101 85 98 115 117 112 109 103 93 116 112 116 92 95 94 104 102 104 101 107 116 115 116 94 100 99 108 97 109 98 115 108 102 115 119 111 119 112 114 78 73 89 119 111 119 106 105 84 74 89 108 115 119 119
69 91 78 85 94 97 95 101 106 78 78 64 74 99 113 93 48 117 73 116 117 82 106 73 93 81 93 106 99 106 86 81 73 114 83 115 114 79 71 73 113 76 84 95 94 112 98 100 99 101 80 78 93 102 97 100 97 103 79 68 74 67 71 78 97 104 99 71 107 117 115 83 98 67 69 97 95 106 93 79 95 112 102 88 99 99 105 97 118 88 76 79 82 83 86 95 115 100 86 91 117 100 113 97 88 72 66 82 117 97 111 92 98 79 78 81 89 88 111 96
75 84 81 98 96 95 78 102 98 113 104 104 104 105 112 111 96 118 93 119 117 108 107 113 118 111 92 106 106 113 106 111 113 119 111 116 112 117 107 97 119 97 114 96 107 114 101 95 107 119 100 91 108 102 86 95 103 108 110 103 89 94 89 106 110 113 109 104 115 116 118 105 106 94 115 116 106 111 100 113 117 118 115 111 108 104 111 109 117 112 111 107 109 100 111 107 110 102 100 113 119 113 119 118 117 80 96 101 119 110 117 112 116 97 99 89 84 103 117 118
81 83 77 105 111 101 112 114 116 114 102 104 98 110 112 116 106 119 107 116 114 108 111 112 113 114 116 115 108 113 98 117 107 116 119 118 113 113 105 94 118 109 117 113 105 119 115 110 110 118 95 100 112 113 106 105 115 119 117 107 106 102 96 107 111 115 112 101 116 119 119 113 108 107 114 117 109 112 86 114 112 118 112 110 101 115 114 109 119 114 109 109 113 98 114 103 115 111 113 119 119 119 119 119 113 105 96 109 119 115 118 119 117 95 97 115 102 95 119 117
66 82 83 84 83 92 89 100 85 91 81 90 92 105 111 90 94 116 93 119 115 106 107 100 109 101 87 105 100 109 85 92 82 111 101 106 110 92 76 68 107 94 106 91 92 113 93 99 100 113 75 80 91 80 87 101 112 109 109 89 93 93 92 99 93 105 105 90 114 117 114 104 109 87 86 111 105 103 78 100 98 109 89 95 84 103 114 93 116 89 101 102 102 89 94 75 100 94 109 112 119 110 118 114 109 81 64 96 119 100 118 102 104 95 79 88 105 104 118 114
78 95 98 90 94 107 107 116 113 111 104 97 102 107 116 114 77 119 99 114 112 108 116 104 111 110 97 111 107 109 81 100 110 117 105 116 117 107 107 97 119 91 105 91 96 115 102 103 111 117 72 71 86 91 76 91 95 97 118 111 100 99 98 103 104 118 103 97 102 117 117 108 107 103 104 116 113 115 98 96 110 109 107 106 105 106 111 113 117 95 104 104 113 99 110 111 115 108 103 115 118 108 116 111 116 88 77 80 119 116 119 118 114 81 97 102 103 110 119 119
90 95 87 109 106 99 111 115 115 105 103 96 99 109 119 108 99 118 91 119 119 100 115 104 110 92 98 117 112 115 90 103 90 115 99 118 111 97 93 93 110 91 101 102 100 116 105 108 109 118 90 89 104 96 106 105 107 115 108 92 93 91 90 103 114 115 102 110 112 118 118 106 108 92 107 116 109 109 101 102 103 92 100 104 106 115 115 113 118 86 99 95 99 92 108 97 118 112 106 115 119 107 119 113 115 99 83 96 119 117 118 111 112 95 92 93 109 113 118 119
76 80 70 79 92 94 98 103 102 104 106 68 91 98 109 103 70 115 81 116 106 95 101 73 109 91 81 91 105 96 78 91 87 112 88 108 113 97 94 84 113 83 95 74 87 101 103 98 84 117 74 79 88 83 87 97 91 93 110 96 80 83 77 85 93 108 100 84 107 110 114 100 105 91 101 113 115 99 79 102 99 99 97 94 93 98 115 99 109 91 90 96 105 89 92 93 102 98 89 109 119 104 118 114 107 83 67 89 119 113 117 112 109 86 84 101 108 115 118 116
82 98 88 114 112 107 109 118 117 114 104 104 110 118 116 113 90 118 110 117 117 111 118 109 115 117 104 116 108 113 89 112 110 118 109 118 117 108 110 109 117 103 113 106 102 117 116 112 112 118 91 80 105 100 101 108 107 113 113 113 108 107 100 112 114 118 107 107 115 119 116 116 116 113 115 118 117 117 91 108 116 116 111 112 115 116 116 115 117 115 113 98 114 111 111 112 117 110 113 119 119 117 119 118 118 99 80 91 119 118 119 114 115 97 81 91 114 110 119 119
81 77 70 102 80 89 81 115 106 102 90 96 77 101 114 89 79 119 77 118 115 91 112 101 98 89 94 97 102 112 90 101 76 113 94 117 115 93 78 78 115 81 100 93 89 114 103 102 110 115 90 85 93 98 77 104 108 104 95 89 73 82 86 92 97 108 98 88 100 112 119 101 91 84 101 97 101 105 96 97 100 105 109 105 105 110 111 102 116 85 89 77 91 92 99 95 111 102 76 116 119 108 117 108 114 85 80 88 117 112 113 110 106 81 87 89 94 98 118 118
67 71 78 84 80 87 86 107 89 106 86 79 81 104 107 103 78 119 90 98 110 97 104 90 108 89 97 107 91 107 88 99 99 112 100 109 106 104 96 72 109 89 102 101 93 113 105 107 97 90 67 70 95 87 80 97 107 107 104 94 81 84 90 96 105 113 108 86 91 115 118 105 109 79 72 110 107 113 86 87 100 114 93 92 97 111 116 110 118 99 101 96 102 85 88 80 111 108 104 115 116 106 114 109 113 85 76 80 118 107 119 113 106 88 91 92 114 101 117 119
70 81 69 100 98 88 95 110 116 100 94 101 90 106 111 85 87 118 103 113 110 101 112 104 106 96 86 102 103 112 88 98 87 117 102 118 111 97 85 66 115 87 109 96 95 112 108 99 112 118 88 74 96 90 90 99 105 110 105 90 92 87 84 95 107 110 112 80 105 117 119 97 105 97 97 106 109 112 96 102 113 115 101 99 105 104 111 104 118 109 104 99 103 89 97 92 112 98 111 113 119 112 117 114 117 85 81 94 119 109 116 111 103 86 96 91 104 106 117 113
78 92 96 95 103 100 93 108 103 108 103 113 107 110 118 104 109 117 107 117 118 116 109 114 116 105 104 110 112 110 109 107 103 116 114 116 119 109 99 96 114 103 118 117 113 118 111 106 107 117 87 100 115 110 104 107 113 109 117 101 90 90 89 96 109 115 117 97 106 118 118 109 110 114 113 119 106 108 99 103 113 116 107 102 96 110 116 112 119 115 115 107 116 102 109 106 110 97 112 117 119 119 119 117 118 88 81 111 119 116 119 114 119 102 89 98 112 116 118 119
97 92 91 100 107 104 87 113 114 118 113 110 109 114 119 101 101 119 75 119 119 106 116 114 118 109 105 114 110 117 99 108 103 108 106 119 115 111 113 114 112 104 110 106 90 119 112 112 114 117 95 86 96 109 110 114 110 113 118 110 92 98 96 112 114 117 110 93 113 118 119 107 108 111 112 116 106 112 97 115 94 116 113 109 104 109 118 111 119 91 106 109 115 107 111 108 119 105 113 119 119 116 119 117 117 91 96 105 119 117 119 118 118 105 92 112 112 106 119 119
87 89 86 99 85 91 86 113 107 92 93 99 89 94 111 90 75 117 85 119 118 99 107 94 102 91 95 103 102 109 92 106 87 116 95 113 106 100 93 85 111 90 99 106 99 114 105 96 100 115 82 89 102 98 96 102 111 108 101 82 77 80 80 95 114 111 101 92 112 116 117 95 97 91 85 105 110 114 87 98 109 117 101 93 99 102 102 106 118 107 98 99 101 87 88 103 112 95 88 113 119 116 119 115 115 88 73 89 118 112 119 111 103 90 84 87 102 105 113 119
105 104 94 103 98 102 108 115 109 112 96 92 96 112 115 113 111 119 112 117 116 113 108 114 110 108 108 109 106 113 91 111 113 117 109 115 117 112 111 110 118 100 113 104 102 115 109 103 106 116 88 104 114 107 96 107 109 103 115 93 85 90 94 110 109 116 116 114 117 118 119 110 107 111 110 116 110 110 84 111 117 119 108 114 108 108 114 112 117 117 112 105 114 100 106 94 114 101 108 114 119 118 118 116 114 102 95 101 119 116 118 118 114 103 80 108 99 116 118 119
90 102 95 97 100 97 94 107 94 95 87 104 92 102 112 112 106 118 95 118 117 112 102 114 110 116 110 114 107 109 89 112 108 117 110 110 109 107 94 99 116 105 118 111 107 118 85 100 105 115 89 95 106 109 98 97 100 102 108 97 95 106 91 102 111 114 102 105 115 116 118 113 108 88 110 117 115 111 100 105 116 117 116 113 111 106 110 113 119 97 103 99 105 111 110 109 116 104 107 117 119 117 119 108 117 95 77 86 119 114 119 110 115 89 80 100 105 96 119 117
