91.4667
91.7833
85.05
94.6333
94.0333
92.2667
92.35
88.5833
88.0167
94.1
91.0667
94.8833
93.1167
91.3167
94.4333
90.8333
90.5667
94.7333
95.0667
85.5333
96.3167
94.6167
83.45
92.9833
92.6167
93.6
95.4167
93.8833
94.9333
90.6833
83.3
97.3833
95.95
87.55
92.4167
94.6333
92.1
94.6333
88.1333
92.5
92.9667
89.05
93.4667
86.1
86.9167
93.7333
94.9833
92.0667
96.3833
93.0167
96.35
89.1833
84.15
83.8
90.65
89.4167
94.4167
88.7167
94.4167
92.2167
89.1
79.1667
91.3833
95.0667
84.6333
90.4667
91.15
83.5333
95.4
84.6667
84.5833
87.4167
93.7167
94.3333
86.3667
93.95
91.8167
