74 66 79 80 76 90 89 100 92 102 91 86 91 98 102 96 69 104 83 105 104 92 99 86 104 89 98 99 91 103 84 98 103 106 97 101 103 85 81 61 95 76 88 83 78 93 90 83 89 92 71 77 87 77 81 91 84 93 106 97 80 86 77 79 101 102 96 92 101 105 104 98 81 90 102 105 98 102 85 99 95 99 92 100 93 93 102 101 107 85 89 83 92 81 87 90 91 86 88 92 102 96 102 100 97 67 69 87 102 99 102 91 92 67 71 88 99 93 118 117
62 85 60 87 94 94 88 99 100 104 87 87 96 94 103 95 87 105 68 105 103 93 93 98 107 91 86 100 105 105 73 101 105 89 97 102 106 94 88 76 86 75 92 72 71 91 93 88 74 93 66 79 94 91 75 85 92 98 103 97 83 76 75 78 102 103 97 80 97 101 101 89 93 104 99 107 105 103 95 103 101 97 94 96 94 94 101 104 105 79 90 89 91 81 85 82 91 85 76 90 102 98 101 98 98 80 70 77 101 99 102 97 99 80 60 95 92 88 117 117
59 62 60 83 90 71 83 98 90 85 72 65 68 89 102 99 66 105 73 96 90 72 89 86 97 85 97 89 93 85 92 94 89 105 89 95 95 76 73 73 95 86 92 92 95 90 66 77 80 77 77 71 94 68 65 49 72 66 92 86 57 76 70 97 102 101 99 93 102 100 105 86 83 81 92 94 95 87 103 91 87 99 97 89 94 86 84 94 101 83 73 65 80 74 79 94 92 83 48 76 96 90 98 85 85 74 55 61 98 95 100 85 89 66 77 78 92 89 116 115
79 92 68 91 87 85 90 98 91 104 90 91 93 100 102 100 78 104 97 105 104 96 97 100 106 99 100 103 92 101 92 109 104 106 102 104 107 91 91 89 96 83 95 85 90 96 85 86 83 96 83 81 102 85 77 82 93 77 102 93 89 85 81 86 101 96 103 85 102 104 105 98 95 100 95 105 98 104 104 108 104 107 100 97 93 95 106 103 107 95 93 84 93 86 90 83 93 86 76 92 102 98 102 101 102 82 77 93 102 100 102 102 96 89 82 87 78 91 118 117
77 87 76 88 80 75 94 95 98 99 88 92 95 104 106 103 103 103 99 105 105 99 101 107 108 93 86 106 105 106 77 106 105 105 96 105 105 82 85 86 94 80 83 75 73 94 92 88 84 96 77 84 91 92 89 92 91 100 104 96 93 92 86 92 90 104 92 92 94 104 105 101 98 95 100 106 96 106 91 104 100 100 98 89 98 103 102 98 107 90 88 92 94 84 82 83 93 91 89 93 102 97 102 100 99 70 72 84 102 97 102 97 93 73 75 83 94 85 117 115
62 77 60 83 77 72 95 100 95 96 92 81 84 90 99 102 80 105 75 102 96 88 96 95 105 98 100 105 104 99 93 110 100 101 105 97 105 90 81 76 96 74 93 87 90 95 82 92 87 94 72 76 91 81 64 78 78 93 95 89 82 79 70 95 95 99 96 90 102 105 104 90 91 90 98 107 101 99 104 112 105 106 104 104 104 99 98 103 106 91 90 84 86 88 94 91 93 88 82 94 102 101 102 99 100 77 76 80 102 100 101 99 98 77 75 86 80 86 118 116
70 79 70 86 76 81 92 99 95 102 93 88 88 95 97 99 79 105 83 102 102 99 94 104 103 91 87 102 99 103 89 98 110 103 97 106 104 89 92 91 96 72 89 72 83 89 92 84 88 95 60 61 81 82 77 92 92 91 103 97 91 86 72 96 97 96 99 93 98 102 102 91 91 97 94 105 100 102 102 103 91 104 98 87 85 100 106 100 106 77 84 87 91 80 79 83 86 83 90 92 102 100 102 101 88 81 71 76 102 102 102 99 102 90 81 86 98 101 117 117
73 75 59 75 76 72 74 88 91 94 78 79 79 94 102 80 73 105 83 104 103 94 96 90 97 83 101 102 98 100 98 96 90 105 102 105 99 81 72 65 93 79 91 88 86 95 89 80 79 96 79 76 89 90 76 79 98 92 93 83 70 71 69 76 80 92 100 69 93 105 99 84 96 82 79 96 89 104 91 92 85 103 94 94 93 100 89 97 107 91 84 74 79 81 78 91 85 86 79 93 102 94 102 100 93 81 73 77 102 96 102 100 93 79 73 75 84 93 114 115
59 78 69 85 80 86 83 96 93 80 75 82 87 92 97 92 82 105 86 105 99 88 97 83 100 86 83 95 87 95 89 105 98 105 89 105 100 82 73 70 96 78 79 82 76 88 87 77 78 93 73 76 79 84 77 87 80 87 89 78 86 80 72 81 87 92 92 63 92 104 105 86 96 81 83 106 95 101 92 103 89 100 95 89 93 100 91 96 107 76 87 82 80 74 84 79 92 89 81 91 101 89 101 95 98 68 65 76 102 95 101 98 95 76 69 72 81 89 117 117
57 85 78 89 84 74 95 103 86 101 83 88 87 97 101 91 92 105 85 105 99 92 92 98 103 95 96 94 88 99 102 105 113 107 100 103 103 94 91 88 96 86 94 90 88 94 83 78 89 96 80 74 92 88 77 89 79 91 105 96 93 93 86 93 104 106 94 96 98 104 105 95 91 99 102 108 101 103 102 106 99 103 103 100 98 103 106 98 106 72 91 88 92 91 91 85 91 83 86 96 102 101 102 101 102 82 76 92 102 100 102 100 101 75 69 89 96 91 117 118
68 88 76 86 84 84 90 96 89 100 85 92 90 95 97 90 77 105 77 104 104 91 101 99 100 101 97 98 94 98 100 99 96 105 92 105 102 83 82 79 94 81 87 92 83 93 89 88 87 93 53 71 86 80 80 78 94 90 103 93 85 74 63 82 103 103 95 83 101 105 105 89 92 104 102 104 99 104 104 102 103 89 99 95 91 94 104 100 107 73 90 85 90 82 86 82 91 84 85 92 102 92 101 94 97 72 67 74 102 98 102 92 100 60 68 85 70 86 115 116
86 77 78 87 91 82 100 96 97 104 90 94 91 95 98 104 87 105 76 104 104 90 98 107 105 93 98 103 95 102 99 113 110 106 97 106 106 94 86 82 95 87 88 81 77 95 90 91 87 96 54 75 92 91 80 81 92 99 101 86 86 89 80 92 98 104 101 97 101 105 105 99 98 92 100 107 102 107 98 107 106 105 102 101 98 100 105 100 107 86 93 90 93 84 88 86 93 88 87 94 101 100 102 100 102 87 73 87 102 99 102 101 101 85 89 86 90 95 118 118
79 79 71 90 86 92 91 96 96 100 92 91 91 92 101 91 84 105 62 104 98 97 97 102 104 100 98 98 88 103 103 100 98 104 102 105 102 83 86 84 96 82 92 79 91 94 90 85 87 95 75 71 92 89 83 90 99 93 94 87 85 83 74 85 104 103 99 92 104 105 103 93 88 99 100 107 101 105 102 101 104 105 98 92 93 96 100 100 106 93 89 80 93 86 85 84 93 82 87 89 102 97 102 101 101 72 64 71 102 100 102 100 101 80 73 79 93 101 118 118
64 69 60 74 86 77 90 92 95 101 92 93 92 96 99 89 89 104 78 104 102 91 92 103 104 94 78 99 96 97 82 106 106 105 98 103 101 87 85 77 94 76 86 82 72 89 89 80 85 96 74 66 96 79 77 86 96 94 98 76 79 74 75 89 96 100 101 93 99 104 103 88 90 90 101 105 99 102 85 109 97 101 91 93 89 97 104 102 106 75 92 84 91 79 84 74 90 87 88 95 102 98 102 100 98 85 83 85 102 99 102 101 97 80 79 81 92 94 118 118
72 77 81 88 92 93 83 96 92 105 98 97 92 102 105 94 95 105 81 105 104 94 95 102 104 92 95 102 105 105 94 113 102 106 92 104 103 89 87 77 94 84 84 83 85 94 85 82 87 96 83 74 94 84 93 95 95 95 101 87 93 74 74 90 98 103 98 90 99 105 105 91 95 100 102 108 105 101 100 111 107 103 104 95 99 97 100 100 107 87 92 86 93 86 86 84 93 88 87 94 102 99 102 101 100 84 68 84 102 101 102 97 99 81 89 73 98 91 118 118
57 81 70 86 74 67 85 92 86 100 76 78 77 93 101 96 73 105 74 105 100 84 101 92 105 93 99 104 101 105 98 101 99 104 103 103 105 86 79 78 90 74 94 81 90 94 88 90 88 95 85 88 95 93 65 83 92 94 94 81 70 73 75 88 101 96 102 92 103 104 103 87 97 74 82 106 96 101 99 108 97 106 102 91 95 96 103 90 106 93 81 84 85 82 81 79 90 83 85 87 102 96 102 96 88 81 66 74 102 98 101 95 97 84 73 77 97 92 118 118
66 71 62 83 81 80 89 98 94 95 86 85 86 94 101 86 84 104 73 105 105 96 96 102 103 85 94 103 84 101 92 105 93 106 89 105 104 81 79 67 95 75 80 78 77 91 93 87 85 95 70 67 91 85 70 84 86 95 92 77 81 77 78 98 99 104 98 92 104 104 105 100 98 84 103 100 104 102 93 103 103 105 89 89 94 102 106 100 107 88 80 75 79 74 77 85 93 87 87 91 102 92 102 97 96 73 72 89 102 97 99 92 98 81 73 71 92 83 116 117
79 87 83 89 88 91 97 99 92 102 85 89 99 96 98 104 100 105 87 105 100 95 98 107 105 95 90 101 95 103 88 109 110 107 96 105 105 88 87 90 96 76 89 77 74 92 88 80 83 96 80 70 87 76 75 77 94 91 99 94 99 97 90 95 93 95 98 99 102 103 104 103 96 97 107 108 99 98 109 106 104 103 99 103 95 99 106 97 107 86 89 90 91 90 92 74 89 85 89 94 102 96 102 100 101 87 74 86 102 102 102 101 101 82 93 80 99 99 118 118
70 82 72 94 90 85 94 99 88 102 100 97 100 104 106 101 99 104 101 105 104 102 100 106 105 95 89 101 98 104 92 105 107 107 99 106 107 85 83 87 95 73 89 77 85 92 88 85 87 96 63 71 82 94 76 89 95 95 103 95 86 92 79 98 99 100 99 96 103 103 105 98 94 103 107 108 102 99 108 109 105 104 103 101 97 99 104 102 106 92 91 92 93 91 93 79 89 86 90 93 102 98 102 100 101 89 64 87 102 98 102 99 101 80 75 83 96 90 118 118
63 70 67 83 73 88 67 95 92 80 81 78 71 83 94 69 67 102 78 102 100 80 91 79 97 100 106 102 94 98 74 88 82 92 103 105 89 65 62 56 77 79 93 87 91 95 87 88 91 91 61 71 86 75 67 93 95 94 86 81 74 80 70 86 90 96 88 91 100 101 96 87 85 79 84 99 88 95 83 87 96 98 85 85 89 96 91 96 104 70 80 70 77 69 88 72 92 88 89 87 102 98 99 92 101 59 57 67 102 95 93 88 85 57 69 58 91 87 116 113
65 98 80 95 97 92 97 100 101 104 98 93 101 103 103 101 95 105 99 100 101 100 102 103 107 95 102 100 95 104 83 106 110 106 103 105 104 94 94 88 95 71 89 83 79 94 91 85 92 95 80 82 89 99 89 96 89 98 103 99 95 97 98 101 101 105 97 101 101 104 102 103 100 100 104 107 100 104 82 110 103 104 97 104 93 102 105 101 105 95 95 87 94 80 90 75 93 80 89 94 102 99 102 102 97 77 78 92 102 102 102 100 100 87 74 100 94 87 118 118
76 82 73 84 81 89 91 96 86 100 98 93 95 87 102 95 91 104 74 103 95 97 97 102 107 97 97 102 103 103 97 111 110 101 101 105 103 90 89 83 92 79 91 79 91 94 86 86 92 95 87 85 97 88 86 95 92 93 105 95 88 86 68 85 101 99 102 94 103 104 104 95 87 106 103 107 105 101 91 107 105 104 100 93 97 93 100 96 107 96 94 87 94 80 84 87 91 85 87 93 102 102 102 102 98 87 81 96 102 101 102 101 94 85 79 84 99 94 118 118
65 72 59 71 67 83 71 74 74 88 88 73 76 95 94 82 94 93 88 98 96 89 81 93 91 87 87 80 103 83 99 89 95 101 88 83 105 79 82 73 87 76 81 64 75 73 70 68 74 88 71 59 79 72 58 80 78 80 95 73 69 63 55 57 71 88 97 61 80 98 97 71 62 102 89 104 106 78 95 96 93 98 91 81 68 76 103 84 96 96 90 78 91 77 64 65 76 54 76 84 102 86 100 98 81 82 67 79 102 89 101 101 99 80 70 84 94 93 118 118
70 84 74 83 88 85 90 102 93 98 93 86 87 97 102 90 98 105 100 105 105 88 99 104 106 90 96 103 92 103 96 103 89 106 94 107 102 93 83 56 95 71 89 81 84 94 87 88 90 95 73 75 90 80 74 84 98 96 98 92 87 84 91 93 103 103 99 91 99 104 103 95 94 86 100 106 101 101 100 101 96 106 94 95 95 100 102 102 106 83 84 86 91 81 88 86 93 84 85 92 102 94 102 99 100 81 60 91 102 97 102 96 96 88 73 93 91 86 118 118
64 78 64 77 73 80 94 95 99 103 93 91 97 89 95 100 84 105 96 102 96 97 93 100 100 94 100 95 85 99 91 106 100 107 104 106 103 89 86 84 96 76 91 86 91 93 78 84 81 95 61 75 85 89 79 86 100 100 99 91 81 86 80 91 99 96 101 96 101 104 105 94 93 86 98 106 97 101 99 96 101 107 102 102 89 99 100 100 107 93 86 78 86 84 84 88 90 86 75 96 102 99 102 101 95 85 74 85 102 101 102 100 95 79 80 90 89 84 118 118
74 76 71 91 86 97 94 93 91 104 97 88 81 87 100 102 85 105 92 105 99 82 91 100 104 91 82 99 92 102 105 112 111 107 91 105 105 95 88 90 96 75 86 87 76 91 78 66 81 95 83 72 76 80 80 85 84 89 105 94 94 85 85 93 91 102 91 94 97 103 102 93 98 98 106 108 104 105 98 104 105 99 100 101 98 101 103 97 104 84 92 88 95 77 88 85 90 89 84 96 102 101 102 102 102 84 86 86 102 102 102 102 95 79 92 86 96 99 118 118
74 92 84 92 88 82 91 97 97 102 86 80 86 101 106 100 77 105 83 105 102 98 103 97 106 97 99 107 103 105 103 107 99 105 101 107 102 87 87 82 95 85 93 88 89 96 94 90 85 96 87 81 86 96 88 90 94 99 101 94 85 80 84 87 104 104 101 77 102 104 105 96 98 98 94 106 108 104 104 108 107 107 103 102 102 100 105 104 106 95 87 90 89 87 89 88 95 91 81 92 102 101 102 101 101 84 81 80 102 102 102 101 100 87 77 80 97 98 115 116
76 73 70 83 87 92 95 97 90 101 94 84 95 101 98 100 82 105 92 101 100 90 95 102 106 96 103 102 86 99 104 110 104 107 103 107 105 87 85 86 96 87 94 87 89 95 94 85 91 96 58 68 88 86 75 86 101 99 102 97 79 82 80 83 97 98 104 86 102 105 104 93 91 94 102 107 86 101 101 101 102 107 103 99 96 102 103 100 106 95 88 81 90 78 88 85 94 84 89 95 102 102 102 100 101 72 78 81 102 99 102 101 101 85 86 89 88 91 118 118
72 72 69 87 94 86 88 100 99 100 95 97 90 102 102 100 96 105 88 104 104 95 93 107 104 98 95 97 96 102 94 107 107 106 95 107 107 89 81 83 92 86 95 91 90 96 84 81 91 96 79 70 86 86 81 88 100 98 100 85 86 91 81 91 100 98 103 99 104 105 103 100 94 89 103 107 101 103 105 110 103 104 99 99 100 98 99 104 107 92 94 86 93 88 86 89 96 87 89 94 102 98 102 102 100 89 67 89 102 101 102 101 99 82 84 82 95 91 118 118
70 85 68 79 86 91 69 99 99 97 88 85 87 94 101 85 82 105 83 103 103 86 98 101 102 91 93 100 99 103 101 106 95 102 83 106 102 84 84 81 89 76 83 78 86 91 91 84 89 92 69 66 94 73 68 74 91 97 101 87 64 64 78 91 98 105 102 83 96 104 105 93 98 92 95 104 102 108 95 97 101 104 92 83 82 92 102 98 104 86 83 85 93 82 83 78 92 87 83 90 102 95 101 99 96 80 64 78 102 94 102 96 100 76 67 82 93 94 115 117
53 68 66 75 69 70 80 94 93 81 74 65 72 79 85 88 65 102 66 99 96 80 94 75 94 90 99 101 94 98 80 87 79 97 84 100 102 65 63 54 87 73 85 80 69 90 82 81 83 90 57 65 81 79 60 85 90 90 87 78 69 78 76 81 91 84 88 83 95 105 97 85 87 67 63 95 83 93 81 87 92 100 78 81 79 101 99 96 105 83 82 71 75 67 74 71 84 84 83 87 102 89 99 92 84 75 58 66 101 95 97 83 88 64 64 72 90 99 118 112
78 91 70 91 94 81 103 95 97 102 98 92 94 103 105 105 91 105 91 105 105 99 98 103 104 102 103 103 96 100 102 106 114 107 104 107 105 96 95 90 96 84 94 81 91 94 91 84 94 96 77 79 97 94 71 93 81 95 106 92 92 89 91 100 104 105 101 102 104 105 103 103 95 103 107 107 102 105 103 106 106 107 104 100 102 103 106 104 107 95 96 91 94 88 92 86 95 92 88 96 102 97 102 101 102 84 97 91 102 98 102 102 102 89 92 95 95 98 118 118
68 94 77 95 93 87 91 101 97 105 102 92 86 100 105 102 93 105 83 105 105 99 100 100 106 99 101 101 94 104 98 110 102 106 103 107 107 94 88 76 94 84 89 86 88 93 91 87 88 96 90 82 98 95 86 85 92 93 103 90 81 83 79 95 105 102 98 93 105 104 105 93 102 98 102 107 104 105 98 112 107 106 101 101 95 92 105 103 107 92 93 91 94 86 91 85 94 87 93 90 102 100 102 101 99 86 81 91 102 99 102 99 98 78 86 86 97 96 118 116
43 72 49 83 80 70 79 99 98 90 93 93 90 98 102 86 81 104 77 104 102 93 98 95 102 92 82 93 96 102 89 106 82 104 85 105 99 81 67 73 95 66 72 67 75 81 78 76 91 95 75 61 86 82 66 83 96 91 86 79 80 89 80 94 101 103 89 88 101 105 99 91 97 73 79 94 98 103 88 102 92 100 91 88 88 95 78 91 105 92 77 81 76 66 73 69 85 78 90 86 102 87 101 89 98 76 64 79 102 90 100 93 97 72 73 81 88 86 117 118
83 77 74 86 97 93 92 100 95 102 90 89 85 91 103 102 83 102 76 104 103 93 94 100 100 91 84 98 98 100 81 111 109 103 89 104 101 92 92 85 92 78 87 83 84 91 84 74 90 94 62 75 90 79 82 83 57 75 104 88 88 84 86 98 95 106 101 90 97 94 103 94 101 102 102 107 106 102 82 105 102 93 98 92 91 101 104 99 106 92 94 81 94 86 83 87 92 88 69 93 102 97 102 99 102 77 56 87 102 98 102 100 100 88 63 91 99 97 118 118
68 73 63 83 81 83 99 100 98 104 93 96 91 99 100 97 91 105 83 103 101 97 99 106 106 101 94 106 95 101 97 108 107 106 94 106 106 90 90 85 94 79 90 88 85 91 90 86 94 96 68 79 100 94 97 95 99 102 106 92 89 90 75 95 101 99 99 82 98 105 105 96 94 102 102 107 103 97 90 110 105 103 103 95 92 99 106 101 107 91 94 88 95 83 90 84 92 87 81 93 102 101 102 102 92 87 79 94 102 96 102 97 100 74 61 85 93 93 118 118
73 86 79 91 92 84 99 100 97 100 82 81 85 97 102 96 74 105 70 104 101 94 96 90 102 99 88 95 100 98 80 102 109 105 99 107 100 91 89 71 96 81 89 67 80 89 90 82 85 96 66 73 81 78 63 83 95 100 102 93 82 90 84 93 99 104 95 93 103 105 104 100 96 102 105 107 97 102 95 95 96 100 89 96 89 104 102 97 107 91 89 84 89 71 86 71 92 90 86 94 102 99 102 101 99 73 61 79 102 102 101 100 99 78 81 86 90 89 116 116
79 74 77 90 83 97 98 102 101 101 86 92 93 100 104 101 74 105 87 103 102 94 104 99 104 95 104 100 103 107 85 109 104 107 98 104 107 93 89 89 96 76 88 72 82 93 92 89 91 95 79 81 99 90 88 100 98 103 102 86 78 86 89 91 100 101 102 89 101 104 103 96 98 98 100 104 94 104 100 110 107 106 96 94 95 102 107 98 107 94 90 93 91 83 90 72 90 93 85 95 102 100 102 101 90 86 74 84 102 94 102 97 93 77 85 86 75 91 118 117
60 60 48 68 67 66 94 94 89 101 98 87 71 79 100 90 83 102 57 104 100 85 86 96 103 91 95 97 101 94 97 96 90 97 95 103 101 82 84 72 93 80 88 90 90 93 78 74 85 96 69 65 91 87 66 84 90 92 102 90 75 73 75 79 93 97 99 59 94 105 104 89 95 87 86 104 95 98 98 92 89 104 94 93 89 96 102 98 107 76 82 81 89 86 80 74 88 85 84 93 102 98 101 100 94 67 68 87 100 90 101 97 92 49 70 67 93 96 114 117
67 70 65 79 76 76 86 97 82 102 95 93 82 95 102 97 78 105 80 104 100 94 94 101 101 94 100 102 89 100 96 104 107 106 96 106 105 91 92 81 96 74 87 86 87 95 84 86 77 94 80 81 93 87 78 82 91 98 102 97 92 88 78 89 91 103 104 85 104 102 105 92 97 92 97 108 102 101 91 105 103 106 96 91 96 96 106 99 107 87 85 85 94 80 85 81 89 82 80 95 102 100 102 98 95 70 66 85 102 99 102 97 97 85 76 84 92 100 117 117
74 80 79 70 83 83 89 95 92 103 86 94 86 98 102 100 81 102 95 104 102 90 94 103 104 81 94 100 90 103 89 101 108 105 100 98 103 88 91 87 93 81 88 85 88 93 88 87 80 96 84 72 95 72 83 85 97 92 102 82 87 87 85 93 98 96 103 84 100 104 104 94 94 104 91 107 95 103 104 104 97 105 94 93 86 100 100 100 106 93 93 91 93 80 83 74 90 84 86 94 102 99 101 100 98 78 61 90 102 99 102 101 101 87 69 87 96 99 118 117
77 82 72 74 79 84 92 98 100 97 90 85 74 86 102 97 68 105 73 105 96 83 89 88 98 88 86 100 93 100 95 103 99 103 82 101 100 85 78 72 94 83 83 86 79 87 83 73 80 92 78 62 84 77 63 70 81 93 99 85 76 81 69 81 98 102 99 84 92 103 104 92 91 73 98 107 97 102 94 99 95 103 88 84 91 96 102 98 105 61 88 86 85 87 87 88 89 85 75 87 102 95 102 102 99 82 63 93 102 97 102 100 92 80 66 78 84 86 116 112
83 74 57 88 86 82 86 102 97 104 79 92 82 86 97 94 67 105 80 105 97 92 99 103 106 91 94 101 98 102 106 111 111 106 96 107 106 90 93 86 94 84 90 82 85 96 90 82 86 96 82 68 101 86 75 89 98 101 104 77 92 81 79 90 100 96 103 87 103 105 105 99 96 90 80 108 100 105 102 101 101 106 96 96 94 103 101 101 107 77 91 89 91 84 85 79 91 91 80 92 102 100 102 101 100 86 81 90 102 101 102 101 99 84 84 84 87 92 117 117
58 60 64 54 72 70 77 91 79 92 82 79 92 98 105 88 79 104 91 100 100 88 98 97 93 84 80 96 95 104 73 85 93 103 92 102 102 78 73 75 94 66 77 71 68 88 83 73 82 87 76 68 77 73 83 89 84 91 93 87 82 88 92 85 78 98 81 79 80 98 95 96 92 78 83 98 100 99 80 87 92 94 89 91 86 96 101 94 103 79 78 68 76 74 87 66 86 83 90 88 102 92 102 88 98 59 64 64 102 95 98 90 98 69 63 71 98 97 118 118
60 69 63 77 78 72 82 94 87 94 79 74 91 88 94 92 73 105 81 102 102 93 98 86 100 84 85 99 92 103 82 90 99 101 96 104 102 84 75 69 93 70 80 59 77 90 92 90 81 95 77 68 90 72 70 84 90 90 94 71 80 81 67 77 88 98 99 82 97 102 103 89 85 85 83 97 90 101 84 96 89 104 86 80 76 88 90 90 106 89 90 81 85 74 75 72 86 82 79 92 102 96 101 97 95 69 59 66 102 93 98 97 96 73 74 73 88 86 118 117
74 77 78 81 85 86 89 98 85 100 94 87 92 100 105 92 98 102 84 105 104 98 101 106 106 91 99 99 98 100 91 108 108 103 100 99 104 94 85 80 95 69 85 80 85 89 93 88 87 96 78 71 93 79 83 91 89 88 103 89 82 87 84 105 102 106 99 104 104 103 105 94 95 100 96 108 108 103 97 108 102 103 88 85 92 96 105 94 104 93 95 93 92 76 79 84 88 87 83 95 102 100 102 99 100 81 72 94 102 90 102 93 99 83 77 97 86 92 118 118
79 91 79 92 86 88 96 102 92 102 93 98 97 97 105 101 87 105 89 105 104 100 100 103 106 98 94 104 102 107 103 111 102 107 99 107 106 89 86 86 96 83 82 81 80 93 90 91 85 96 72 84 95 86 81 87 91 89 104 92 93 95 80 102 103 106 95 99 104 103 105 97 98 97 103 105 102 107 103 97 98 100 97 99 99 105 105 102 107 80 89 86 91 90 87 88 92 94 89 95 102 99 102 95 102 64 72 79 102 100 102 92 101 78 81 82 82 85 118 117
84 81 67 85 82 84 85 98 84 99 81 85 77 95 96 93 85 105 85 105 94 91 88 101 107 94 103 97 85 89 97 108 100 105 97 105 104 88 90 74 96 87 93 88 91 94 87 84 75 94 69 80 83 85 79 80 83 90 102 91 83 85 80 85 91 98 93 87 99 104 105 92 88 100 105 107 97 97 86 95 101 102 102 94 101 98 106 96 107 81 88 88 93 79 89 85 90 82 82 94 102 98 102 102 97 79 66 93 102 100 102 91 101 84 80 97 84 93 118 118
76 87 70 90 88 76 92 97 90 102 94 99 96 99 104 101 97 105 94 104 104 103 98 105 105 106 99 104 100 104 93 111 109 105 105 106 107 90 86 89 95 89 95 92 94 95 92 88 88 96 84 94 98 96 91 94 97 100 102 88 86 85 82 89 103 103 98 97 102 104 103 89 88 100 104 106 103 102 100 113 106 105 106 105 97 98 105 106 107 93 95 88 92 89 95 94 95 82 87 91 102 100 102 101 100 92 72 81 102 100 102 100 101 84 76 85 85 94 118 118
81 85 74 79 76 77 81 96 83 101 96 90 88 91 105 94 84 104 67 105 102 101 97 98 107 100 96 99 108 99 96 106 104 102 101 101 105 91 85 77 90 83 94 84 84 93 86 78 88 96 93 89 100 88 83 79 94 88 105 87 84 74 75 80 89 94 102 85 99 104 104 87 91 102 96 108 97 95 104 108 102 101 97 97 92 88 105 94 107 93 94 93 94 87 87 86 88 81 80 94 102 99 102 102 100 81 68 81 102 96 102 98 101 93 78 81 91 97 118 118
70 85 79 82 85 75 96 98 101 105 98 101 97 101 104 101 98 105 101 104 104 99 92 104 107 101 88 101 101 101 98 112 108 105 104 104 102 91 90 91 95 82 90 90 87 92 92 87 93 95 81 79 94 93 83 88 99 101 105 94 88 91 81 94 97 104 103 95 104 105 105 99 96 102 105 108 95 103 97 115 105 105 102 100 99 104 105 101 107 96 92 94 94 86 88 81 90 88 89 93 102 101 102 100 100 86 78 90 102 99 102 100 101 87 74 95 95 97 118 118
51 75 68 83 83 80 84 96 94 91 80 84 88 94 102 96 71 103 87 105 98 91 93 92 103 88 96 98 99 103 90 106 104 102 88 104 99 85 79 60 94 76 79 75 79 96 80 82 90 96 69 63 76 64 62 83 83 95 103 85 80 82 79 92 99 100 96 90 88 104 104 93 93 88 95 105 94 101 85 106 85 101 97 94 91 92 97 96 107 79 85 88 86 73 80 70 90 87 89 95 102 95 100 96 97 69 64 75 101 98 101 90 95 77 63 83 90 97 116 114
61 60 60 81 77 81 77 92 89 78 78 72 75 82 100 90 66 103 85 103 94 85 89 88 91 76 90 97 94 96 80 101 96 101 90 96 95 75 66 64 95 67 83 68 71 88 82 74 76 88 71 63 76 77 61 74 85 84 84 79 75 70 65 85 90 100 94 70 93 101 104 83 94 68 74 99 101 94 89 92 91 100 93 85 86 96 91 95 104 76 72 71 74 70 70 74 88 82 74 87 102 86 98 92 87 71 61 81 101 95 100 93 87 69 72 69 79 85 115 115
65 66 62 81 81 79 74 91 87 82 83 68 73 86 99 85 55 100 66 104 100 79 90 63 90 80 80 97 100 98 95 91 88 95 83 101 94 78 72 55 80 68 79 85 74 88 77 72 80 96 66 64 75 74 75 83 74 80 83 67 62 67 72 81 88 99 77 69 88 97 103 88 94 77 75 96 102 101 98 93 87 89 86 89 93 92 102 88 104 74 77 77 75 74 76 74 89 80 79 88 102 85 101 94 96 66 69 72 102 96 96 84 93 66 68 73 94 94 116 113
60 75 72 87 90 87 67 101 100 97 89 96 85 91 99 90 77 104 69 105 101 88 96 88 107 99 102 99 85 97 85 100 95 98 103 106 101 82 85 53 78 85 94 76 81 92 91 87 84 96 69 76 88 87 72 85 99 93 99 86 81 82 80 89 103 100 92 78 103 105 105 94 91 89 90 104 92 102 76 100 101 101 84 97 99 100 102 102 107 91 84 82 84 73 89 70 93 87 81 85 102 99 102 101 98 83 65 79 102 97 101 96 100 77 77 72 98 97 118 117
69 77 61 84 79 75 86 99 88 97 83 70 84 90 96 91 83 105 83 104 101 85 93 99 99 93 94 102 93 102 89 99 103 105 97 105 104 86 87 72 81 77 94 80 79 94 72 88 78 96 65 66 87 88 75 78 91 91 98 89 75 86 63 91 94 96 96 96 102 102 103 85 82 82 96 104 89 93 92 92 101 98 102 101 101 96 99 101 107 65 84 81 86 77 87 86 93 86 78 90 102 93 102 95 99 71 60 83 102 93 101 88 97 67 73 85 73 96 116 117
74 92 74 95 87 87 100 101 100 100 87 84 96 100 104 101 95 105 98 105 103 93 99 108 104 90 94 103 96 103 84 106 109 106 91 105 106 91 80 83 96 72 80 75 77 92 89 87 95 96 68 77 88 88 79 82 94 95 100 86 90 88 87 98 97 103 93 92 101 105 105 100 101 94 105 104 98 106 99 93 103 104 103 98 100 102 103 102 107 92 91 88 89 84 89 82 95 93 90 92 102 99 101 100 100 88 70 84 102 99 102 95 94 82 80 87 92 96 118 118
69 78 65 86 84 71 80 97 84 78 69 79 89 95 102 96 83 105 90 105 104 84 98 77 98 82 100 95 93 101 93 93 91 107 94 103 101 76 62 56 95 74 86 77 77 94 84 87 84 92 73 66 84 81 74 78 95 92 96 85 76 79 84 90 97 101 93 70 91 104 104 85 99 91 88 102 99 103 96 102 91 100 90 81 84 97 95 93 106 76 87 81 85 78 80 78 88 84 86 89 102 97 102 98 98 71 75 76 102 92 101 96 96 70 73 84 99 91 117 116
71 77 72 76 87 83 85 96 97 106 95 98 95 100 100 92 84 105 74 104 104 99 95 106 105 98 100 101 97 101 105 107 107 107 102 107 106 92 88 82 96 87 90 86 90 95 93 83 92 96 82 75 94 86 88 91 99 101 104 83 90 90 79 94 96 92 102 93 104 104 104 95 92 99 102 107 92 103 103 111 104 107 99 100 90 99 106 103 106 90 93 91 94 83 94 88 92 78 80 94 102 100 102 102 100 81 59 82 102 98 102 95 101 71 76 90 90 83 117 117
74 73 69 82 79 90 83 94 86 99 85 85 89 97 102 92 93 104 87 104 103 93 91 107 100 99 101 100 92 95 101 103 99 107 102 104 105 87 83 83 96 85 92 79 84 96 91 86 89 96 77 75 94 88 83 93 103 100 96 85 77 75 74 84 90 96 103 77 104 104 102 96 90 100 105 101 94 99 104 103 105 106 94 97 97 103 104 96 104 95 86 84 91 78 82 79 90 87 83 85 102 101 102 95 97 76 62 83 102 90 102 92 96 65 72 83 79 99 116 118
76 76 77 77 72 77 91 99 90 94 87 82 81 100 104 93 71 105 78 103 103 91 100 93 99 87 90 105 101 104 85 92 92 102 98 105 101 74 76 71 89 68 82 75 68 94 91 85 89 94 67 77 86 88 76 93 97 97 95 86 81 81 77 78 95 98 89 73 84 101 103 98 95 93 84 105 101 105 90 93 82 92 90 93 89 95 104 103 104 78 81 82 90 78 86 77 92 87 82 93 102 94 102 95 98 65 57 74 102 95 102 89 89 69 59 74 91 98 118 118
57 77 62 69 78 81 79 85 90 72 71 57 65 87 100 81 40 103 62 102 103 72 92 65 85 73 84 96 89 96 83 79 71 102 74 103 103 64 57 59 90 62 67 76 75 91 79 81 78 79 66 64 78 86 81 84 82 87 70 60 65 58 60 68 85 92 88 61 95 104 101 73 85 62 62 87 84 96 91 78 84 100 90 77 87 87 95 85 106 72 63 66 68 71 68 74 93 80 68 73 100 84 97 82 74 59 51 67 100 80 94 76 82 67 63 70 72 71 110 95
63 69 65 82 80 79 65 86 82 100 93 91 91 92 99 97 83 104 80 105 103 94 93 102 107 100 81 95 95 102 102 108 109 107 99 104 100 95 86 79 96 79 92 76 84 92 79 73 86 96 86 76 95 86 71 80 87 92 97 91 77 81 76 93 97 100 97 90 101 102 104 91 92 83 104 105 95 100 97 109 105 106 103 99 96 92 99 97 105 92 90 88 87 80 88 84 87 80 79 90 102 96 102 101 100 64 80 86 102 93 100 95 99 81 83 74 67 86 116 117
65 67 61 89 95 85 97 98 100 101 91 91 85 97 99 103 92 105 93 102 100 94 97 101 102 104 105 104 97 102 94 114 105 105 107 107 102 92 84 77 95 86 94 90 83 96 92 88 87 95 80 84 96 97 90 89 99 103 104 95 93 89 84 94 98 102 98 88 102 105 105 99 94 97 103 106 98 101 84 111 100 106 100 99 91 103 102 97 107 92 87 89 92 78 92 81 92 89 91 96 102 102 102 102 96 89 79 92 102 98 101 102 100 78 80 98 85 79 118 116
53 67 68 68 67 76 75 84 69 82 74 80 81 92 98 77 82 102 80 105 101 92 93 90 100 91 77 94 89 98 81 89 80 102 90 96 100 75 60 53 87 75 86 73 73 90 77 81 82 91 62 64 78 65 71 85 96 93 98 80 82 82 80 88 82 92 93 77 100 103 100 91 95 76 78 100 95 93 76 97 86 97 79 83 74 92 102 82 104 75 84 85 87 71 75 60 80 74 89 90 102 93 101 97 93 69 48 82 102 83 101 86 89 80 63 75 88 87 117 113
67 80 82 75 78 91 94 100 97 98 91 85 90 94 103 100 67 105 86 100 98 95 102 93 100 100 87 100 96 98 78 98 106 105 93 104 105 85 85 77 96 73 85 71 77 92 83 83 92 94 59 58 71 76 61 75 80 81 105 98 87 86 85 90 93 105 91 84 90 104 103 94 93 93 94 105 102 104 95 94 98 97 95 94 93 94 99 101 105 79 86 86 91 79 87 90 92 86 84 93 101 91 99 95 100 73 62 64 102 99 102 101 98 68 80 87 86 93 118 118
74 80 72 93 90 83 95 99 99 96 95 86 86 96 106 95 87 104 79 105 105 87 101 93 100 83 88 106 101 104 86 99 87 104 89 107 102 80 74 75 88 73 81 80 81 93 86 86 86 95 74 75 88 80 90 89 91 99 95 82 83 81 79 91 101 102 92 96 98 104 104 94 94 84 97 105 98 98 97 99 92 81 90 93 96 103 103 101 106 70 81 79 84 75 85 77 95 89 84 93 102 90 102 96 98 82 66 80 102 100 101 94 96 78 75 76 92 96 117 118
63 65 55 64 76 78 83 87 86 95 95 61 80 85 96 90 61 101 70 102 92 83 89 66 98 82 72 82 94 87 75 89 84 100 77 99 103 79 76 71 92 67 75 59 69 80 83 78 70 94 61 65 73 67 71 81 76 77 99 85 69 72 66 74 81 96 89 73 95 98 100 88 92 85 93 103 104 89 77 100 87 88 86 84 83 86 103 87 97 74 75 76 86 70 75 75 81 79 74 88 102 88 101 97 91 68 54 75 102 96 100 96 94 74 69 85 91 98 117 115
70 84 73 98 96 91 95 102 101 101 91 91 98 105 103 100 77 104 97 103 103 97 104 98 104 106 94 105 97 102 86 109 107 106 97 106 105 86 88 86 94 82 91 84 81 94 93 89 89 95 79 66 91 84 85 93 91 97 101 100 95 94 87 99 101 105 95 94 101 105 102 102 102 103 104 107 106 106 89 105 104 104 99 100 103 104 104 103 105 93 91 80 91 89 88 89 94 88 91 96 102 100 102 101 102 84 66 76 102 101 102 97 99 82 67 76 97 93 118 118
67 62 55 86 65 73 68 99 90 90 81 86 70 88 101 80 67 105 64 104 101 77 98 91 88 81 84 88 91 101 87 98 74 101 82 106 103 77 64 63 93 66 82 73 70 92 84 82 88 92 75 70 82 82 61 88 93 88 85 79 64 71 73 80 85 95 86 75 87 98 105 88 80 78 92 87 91 95 94 95 89 93 97 93 94 98 99 91 104 70 71 65 76 74 79 75 88 82 62 94 102 92 100 91 97 69 64 74 100 95 96 93 90 65 71 75 77 81 117 117
54 57 64 69 64 71 74 91 73 96 78 70 71 92 94 90 69 105 77 84 96 84 90 80 98 80 89 97 81 97 85 96 97 100 89 99 96 83 76 59 87 70 82 79 73 90 85 86 81 74 56 56 82 71 66 81 91 91 92 84 73 73 79 85 93 100 95 76 78 101 104 92 96 71 66 99 96 102 84 85 89 102 82 82 86 99 104 98 106 79 81 77 83 68 70 62 88 86 86 92 99 90 98 92 96 70 61 64 101 90 102 96 92 72 74 78 97 84 116 118
57 65 57 84 82 72 80 94 100 91 84 89 78 93 98 74 76 104 89 99 96 88 98 93 95 87 78 91 92 101 84 94 85 105 91 106 99 76 66 53 94 68 87 74 76 89 87 79 91 95 75 60 82 74 74 84 89 94 92 79 81 76 73 83 94 97 98 69 92 103 105 85 92 88 88 95 99 101 93 99 102 103 89 87 93 93 100 92 106 88 84 81 86 72 77 72 90 79 89 91 102 96 100 97 100 71 66 79 102 92 99 94 90 70 79 76 87 90 116 112
63 77 80 79 87 84 79 92 87 98 93 100 94 97 105 92 95 103 93 103 104 102 95 103 105 94 93 99 101 99 105 104 101 105 102 104 107 87 77 76 93 83 95 94 90 95 89 86 85 94 73 85 100 94 88 91 97 93 104 88 79 79 78 83 96 102 103 84 93 104 104 95 96 103 102 108 95 97 96 101 101 104 95 90 85 98 104 100 107 92 94 88 93 81 87 84 88 78 90 95 102 102 102 100 101 73 65 95 102 99 102 97 102 86 73 83 95 99 117 118
81 79 75 84 91 88 73 97 98 105 100 97 96 101 106 90 87 105 64 105 105 92 102 103 107 98 94 103 99 106 95 105 100 98 96 107 103 88 92 92 91 83 89 84 71 96 91 89 92 94 80 72 82 93 94 98 94 97 105 97 79 85 83 99 101 104 97 80 101 104 105 93 96 100 101 105 95 101 95 111 84 105 101 97 93 97 106 99 107 74 88 86 94 85 88 85 96 83 92 96 102 99 102 100 100 74 79 89 102 100 102 101 101 89 75 95 95 89 118 118
71 73 70 83 69 75 71 97 91 83 84 86 79 82 98 80 62 103 73 105 104 86 93 83 93 83 87 94 91 99 88 102 85 104 84 102 95 81 75 69 88 71 80 84 78 91 84 78 79 93 66 74 86 82 80 86 95 92 89 71 68 69 69 83 101 98 89 80 99 102 103 84 83 83 79 96 100 103 84 95 98 105 89 81 89 91 91 94 106 86 83 78 84 69 70 82 89 76 68 90 102 99 102 98 98 73 57 73 101 95 102 94 88 73 67 72 85 88 112 118
89 88 78 87 82 86 92 99 93 101 87 82 85 99 102 100 97 105 98 103 102 99 94 103 99 97 98 98 96 102 87 107 110 105 97 103 105 93 89 89 95 79 92 82 83 92 88 82 84 93 72 88 98 91 80 91 93 87 102 83 74 80 84 97 96 103 102 100 103 104 105 96 94 100 99 105 99 99 81 107 105 107 96 102 96 96 102 100 105 94 91 88 93 80 85 72 91 81 87 91 102 101 101 99 97 85 78 84 102 99 101 101 97 86 63 91 82 99 117 118
75 86 79 81 84 81 79 91 78 86 78 91 80 89 99 98 93 104 82 104 103 98 88 104 99 105 99 103 97 98 86 108 105 106 98 98 97 85 76 80 93 84 96 90 87 95 68 80 85 93 75 79 90 93 82 81 84 86 97 87 84 93 80 89 98 101 90 91 101 102 104 99 94 79 99 106 104 100 97 102 104 105 104 101 100 94 98 101 107 79 85 82 86 89 88 86 93 83 87 94 102 101 102 93 101 82 64 72 102 98 102 95 100 76 66 86 88 79 118 116
