57 52 55 56 53 59 60 60 59 60 60 60 59 60 59 60 50 60 58 60 60 59 58 59 60 60 60 57 49 58 59 60 59 60 60 56 60 60 60 58 60 59 60 60 60 60 59 56 59 57 56 58 58 57 55 58 58 58 58 58 57 58 56 55 58 57 58 57 57 58 58 58 55 57 58 58 54 58 56 58 58 57 58 58 57 58 57 57 58 58 58 57 58 57 58 57 58 57 57 55 60 60 60 60 60 58 59 60 60 56 58 58 58 53 54 58 56 58 60 58
49 58 51 59 60 60 59 60 60 60 59 56 59 57 58 60 55 60 52 60 60 59 57 59 60 60 60 59 58 60 52 59 60 56 60 59 60 60 60 57 60 60 60 54 59 60 60 58 54 59 53 57 58 57 51 54 58 58 58 58 56 54 56 55 57 58 58 54 56 58 58 57 58 57 56 58 57 58 58 58 58 57 58 57 57 56 58 58 58 56 58 58 58 58 58 58 58 56 49 58 60 60 60 60 60 59 58 59 59 57 58 58 58 57 51 58 51 58 59 58
50 49 48 56 56 47 59 58 53 59 56 53 49 56 60 59 52 60 53 56 58 52 54 57 60 55 55 57 54 51 59 59 58 60 55 50 54 59 59 57 60 60 60 60 60 59 50 53 48 43 57 54 58 51 46 42 51 48 58 57 48 50 48 53 55 54 58 53 57 58 58 54 54 56 56 58 48 52 57 58 55 57 58 56 56 54 43 54 55 55 58 54 58 56 57 58 58 53 36 50 60 60 60 60 60 57 57 60 56 53 58 58 58 57 56 57 52 56 60 58
59 59 54 59 58 57 59 60 58 60 59 60 60 59 59 60 54 60 56 60 60 60 60 59 60 60 60 59 52 60 60 60 60 60 60 60 60 60 60 60 60 60 60 59 60 60 60 59 58 60 53 52 58 54 47 51 58 50 57 57 55 54 51 53 56 55 57 50 56 58 58 57 56 57 58 57 53 57 58 57 56 58 58 58 58 57 58 58 58 57 57 57 57 58 58 58 58 56 48 57 60 60 60 60 60 59 59 60 60 58 58 58 58 58 58 58 40 58 60 58
59 60 59 59 58 52 60 60 60 60 59 58 58 60 60 60 59 60 59 60 60 60 59 60 60 60 60 60 58 60 59 60 60 60 60 60 59 60 60 60 60 59 60 60 59 60 60 60 54 60 55 56 58 56 54 57 57 58 58 58 58 58 56 58 57 58 58 58 58 58 58 58 57 58 58 58 52 58 57 58 58 58 58 58 58 58 58 58 58 58 58 58 58 58 58 56 58 58 55 57 60 60 60 60 60 57 60 58 60 54 58 58 58 57 56 58 51 58 60 58
52 49 44 52 50 50 59 59 55 60 59 51 51 56 59 60 51 60 49 59 56 53 58 58 60 59 59 60 58 57 59 60 60 57 60 56 60 60 60 59 60 59 60 57 60 60 53 57 58 59 52 53 57 54 45 52 55 57 57 56 51 50 45 58 57 58 57 54 55 58 57 56 56 55 56 58 58 58 56 58 56 57 58 58 58 57 56 57 57 56 58 58 57 58 58 57 58 56 51 56 60 60 60 60 60 58 60 59 60 58 58 58 58 56 54 57 39 56 60 58
57 55 53 58 55 57 60 60 60 60 60 58 59 58 57 60 53 60 56 59 60 60 59 60 60 60 55 58 56 60 58 60 60 60 60 60 60 60 60 60 60 59 60 57 59 58 60 57 59 60 51 46 57 55 49 55 58 57 57 58 56 55 52 57 55 53 58 57 56 58 57 57 57 58 58 58 54 56 57 58 58 58 58 57 55 58 58 57 58 58 58 58 58 58 58 57 58 55 55 57 60 60 60 60 60 59 60 60 60 59 58 58 58 58 56 58 55 58 60 58
59 58 55 57 56 52 57 59 60 60 59 53 55 59 58 59 54 60 59 60 60 60 59 59 60 59 60 59 55 60 60 60 60 60 60 60 55 60 60 59 60 60 60 60 60 60 60 59 56 60 56 52 57 55 49 48 58 57 58 56 54 55 49 53 53 52 57 52 57 58 57 55 57 56 57 58 49 58 57 55 56 58 58 58 57 57 47 58 58 58 57 57 57 58 58 58 58 57 47 55 60 60 60 60 60 59 59 60 60 53 58 58 58 58 56 58 44 57 60 57
47 58 51 58 56 54 60 59 58 60 57 57 56 58 56 58 57 60 52 60 56 59 60 58 60 60 58 58 50 58 58 60 60 60 60 60 60 59 59 58 60 60 60 60 60 60 59 57 52 60 56 55 57 57 53 56 55 57 57 58 57 55 55 55 55 56 58 52 57 58 58 57 58 54 57 58 51 57 56 57 55 57 58 55 57 58 51 55 58 55 57 57 56 56 58 57 58 58 49 53 60 60 60 60 60 57 59 60 60 53 58 58 58 55 51 58 40 54 60 58
45 57 56 58 55 47 59 60 57 60 59 57 57 57 58 58 58 60 54 60 58 59 58 58 60 58 54 59 53 60 59 60 60 60 59 59 60 60 60 60 60 60 60 59 59 60 55 53 55 60 57 51 58 58 53 55 57 57 58 57 55 56 54 55 58 58 58 58 58 58 58 56 55 56 58 58 56 58 56 58 57 58 58 57 56 58 57 57 58 55 58 58 58 58 57 58 58 55 53 58 60 60 60 60 60 57 58 60 60 58 58 58 58 54 52 58 52 56 60 58
53 59 53 59 56 54 60 60 58 60 58 59 58 60 58 60 52 60 53 60 60 60 60 58 60 60 60 59 52 58 60 59 60 60 59 60 59 60 60 57 60 60 60 60 60 60 60 59 57 58 46 54 58 57 53 50 56 58 57 55 54 52 47 53 56 55 57 50 57 58 58 55 56 57 55 57 52 58 56 58 56 57 58 57 57 57 58 56 58 56 58 57 57 57 58 56 58 57 53 54 60 60 60 60 60 57 55 60 60 55 58 58 58 47 57 58 31 50 60 57
57 56 56 56 58 52 60 59 58 60 59 60 58 57 58 59 53 60 52 60 60 60 59 60 60 59 58 58 53 60 59 60 60 60 60 59 60 60 60 59 60 59 60 59 60 60 60 59 55 60 47 52 57 56 53 55 58 58 56 57 56 54 50 52 56 57 58 55 55 58 58 58 57 56 58 58 55 58 54 58 58 58 58 58 58 58 57 58 58 58 58 58 58 57 58 55 58 58 53 56 60 60 60 60 60 60 59 60 60 57 58 58 58 58 58 58 47 57 60 58
56 55 51 58 57 58 60 59 59 58 60 60 60 59 58 59 55 60 48 59 55 60 59 60 60 60 59 56 48 59 60 59 58 60 60 60 59 59 59 59 60 60 60 58 60 58 60 58 57 60 55 55 58 56 53 53 58 58 58 57 57 55 52 55 58 58 58 55 58 58 56 58 55 58 58 58 55 58 58 58 58 58 58 58 58 56 55 58 57 58 58 57 58 58 57 58 58 58 51 52 60 60 60 60 60 55 58 56 60 58 58 58 58 57 57 56 53 57 60 58
56 56 49 55 59 51 60 60 59 60 59 58 59 59 58 58 55 60 58 60 59 59 59 60 60 59 55 57 53 58 58 59 60 60 60 59 60 60 60 58 60 59 60 59 60 60 59 53 57 60 57 49 58 55 53 52 58 57 58 57 55 52 52 55 57 56 58 55 58 58 58 57 53 57 58 58 56 58 55 58 56 57 58 58 58 58 57 57 58 53 58 58 58 58 58 52 58 57 53 58 60 60 60 60 60 60 58 60 60 57 58 58 58 57 57 58 53 57 60 58
54 57 54 58 59 57 58 60 58 60 60 60 59 59 59 60 56 60 52 60 60 60 57 58 60 59 59 59 57 59 59 60 60 60 60 60 58 60 60 57 60 60 60 60 60 60 58 58 53 60 56 54 58 58 57 54 58 57 58 57 58 50 54 56 57 57 58 57 57 58 58 58 58 58 57 58 56 58 58 58 58 58 58 58 58 57 56 58 58 57 58 57 58 58 58 56 58 58 51 56 60 60 60 60 60 60 60 60 60 59 58 58 58 56 58 58 54 58 60 58
52 59 58 59 50 51 60 59 58 60 54 56 56 58 57 60 51 60 53 60 59 60 60 56 60 60 57 57 56 59 59 60 60 60 60 59 60 60 58 58 60 60 60 53 60 59 60 59 57 59 58 57 57 58 45 53 58 58 58 57 54 55 54 57 58 58 58 58 58 58 57 57 58 55 55 58 55 57 57 58 57 58 58 58 57 58 58 56 57 57 58 58 58 58 58 57 58 58 53 53 60 60 60 60 60 60 55 59 60 56 58 58 58 58 58 58 54 57 60 58
51 57 52 59 58 54 59 59 60 59 58 56 57 57 57 59 58 60 55 60 60 59 57 60 60 60 59 59 42 59 60 60 59 60 60 60 60 59 57 56 60 59 60 58 60 60 60 60 58 60 53 54 58 57 55 55 57 58 58 58 56 54 51 58 58 57 58 56 58 58 58 58 57 57 58 58 56 57 58 57 58 58 58 58 58 58 58 58 58 58 57 56 57 57 58 58 58 58 55 53 60 60 60 60 60 57 60 60 60 55 58 58 58 58 58 58 50 58 60 58
54 59 57 57 55 55 59 60 54 60 60 57 58 58 56 60 59 60 53 60 57 58 59 60 60 60 58 59 53 57 59 59 60 60 60 59 60 60 59 60 60 59 60 59 60 60 60 55 54 60 57 54 57 54 52 53 58 57 58 57 58 58 56 57 55 50 58 58 57 58 57 58 58 56 58 58 52 55 56 57 57 58 58 58 57 58 58 56 58 55 58 58 58 57 58 51 58 57 57 58 60 60 60 60 60 58 59 60 60 60 58 58 58 58 56 57 57 56 60 58
55 58 55 60 57 58 58 60 56 60 59 59 60 60 60 60 60 60 60 60 59 60 60 60 60 60 55 57 53 60 60 59 60 60 60 60 60 60 59 60 60 60 60 60 60 60 60 55 59 60 49 52 58 57 50 57 58 58 58 58 56 56 51 57 56 55 58 58 58 58 58 58 57 58 58 58 57 56 58 58 58 58 58 58 56 58 58 58 58 56 58 57 58 58 58 55 57 54 56 57 60 60 60 60 60 59 56 60 60 56 58 58 58 55 57 58 54 58 60 58
53 57 51 59 52 58 58 60 60 59 60 57 56 59 57 58 56 60 60 60 59 59 57 59 60 60 60 60 54 57 59 60 59 60 60 60 51 59 59 55 60 60 60 60 60 60 59 58 59 57 51 53 58 56 47 57 57 57 58 58 54 53 48 54 56 58 58 56 57 58 57 57 57 58 58 58 53 57 57 56 58 57 58 57 58 58 50 57 57 56 58 57 58 58 58 53 58 58 54 53 60 60 60 60 60 58 58 58 60 52 58 58 58 53 57 55 54 56 60 58
59 59 53 56 57 60 60 60 60 60 59 58 60 60 60 60 58 60 58 58 58 60 60 60 60 60 59 58 53 60 55 59 60 60 60 60 60 60 60 60 60 60 59 60 60 60 59 56 59 60 57 53 57 57 54 57 56 57 58 58 57 57 56 58 57 58 58 57 56 58 56 58 58 58 58 58 54 58 53 58 58 58 58 58 56 57 58 58 58 58 58 56 58 57 57 57 58 53 58 58 60 60 60 60 60 58 58 60 60 60 58 58 58 58 56 58 51 57 60 58
57 59 55 59 58 59 59 60 59 60 60 60 60 60 60 60 57 60 58 58 59 60 60 60 60 60 57 58 55 59 60 60 60 59 60 60 60 60 60 60 60 60 60 59 60 59 60 60 60 60 57 56 58 57 57 56 57 56 58 58 58 57 50 57 57 58 58 57 58 58 58 58 58 58 58 58 58 58 58 58 58 58 58 58 58 58 58 58 58 58 58 58 58 57 58 58 58 58 56 57 60 60 60 60 60 60 60 60 60 59 58 58 58 58 58 58 56 58 60 58
53 54 50 54 53 58 53 52 52 54 59 52 46 59 57 56 59 60 59 60 60 58 51 55 59 60 56 50 58 52 60 57 57 60 59 53 60 57 58 55 59 60 60 58 60 57 48 43 55 59 46 42 46 46 38 50 49 47 58 54 46 43 43 47 51 49 58 46 54 57 57 49 48 57 55 58 58 52 57 52 56 58 58 57 52 56 57 57 53 58 56 51 57 57 55 54 57 48 46 53 60 60 60 60 59 59 58 60 60 46 58 58 58 52 57 58 50 58 60 58
56 58 54 58 59 53 60 60 59 60 60 57 58 60 60 59 60 60 59 60 60 60 60 59 60 59 58 59 51 58 60 60 57 59 60 60 56 60 59 53 60 58 60 59 60 60 60 60 57 59 56 56 58 55 52 56 58 58 58 58 57 56 58 58 58 56 58 56 57 58 58 57 58 57 58 58 57 57 58 58 57 58 58 58 58 58 56 58 58 54 58 57 58 58 58 57 58 57 53 56 60 60 60 60 60 59 56 60 60 54 58 58 58 58 54 58 50 54 60 58
54 57 50 54 53 54 59 59 60 60 60 60 60 54 57 59 56 60 57 58 55 60 58 60 60 60 59 59 48 58 60 59 59 60 60 60 59 59 59 60 60 60 60 60 60 60 55 57 56 60 46 50 57 55 54 56 58 58 58 58 54 55 51 54 57 57 58 56 57 58 58 57 56 56 58 58 50 57 57 56 58 58 58 58 57 58 58 58 58 58 57 54 58 57 57 58 58 56 53 58 60 60 60 60 60 58 60 60 60 59 58 58 58 55 58 57 48 57 60 58
55 54 51 57 57 57 59 59 55 60 60 58 57 54 59 60 54 60 55 60 59 57 58 60 60 60 57 60 54 60 60 60 60 60 60 60 59 60 60 60 60 59 60 60 60 60 57 55 52 60 58 56 57 57 56 55 57 56 58 58 58 55 57 57 56 58 58 57 56 58 58 58 58 57 58 58 54 58 58 58 58 58 58 58 58 58 58 56 58 56 58 58 58 58 58 55 58 58 53 58 60 60 60 60 60 60 60 60 60 60 58 58 58 58 57 57 53 58 60 58
56 59 58 59 55 50 60 60 60 60 59 55 59 58 60 60 53 60 54 60 58 60 59 59 60 59 59 59 55 60 60 60 59 60 60 60 57 60 59 60 60 60 60 58 60 60 60 58 54 60 56 56 58 58 55 53 58 58 58 58 56 56 56 55 57 57 58 52 56 58 58 57 58 58 57 58 58 58 57 58 58 58 58 58 58 58 58 58 58 58 58 58 58 58 57 56 58 58 48 56 60 60 60 60 60 59 58 59 60 60 58 58 58 58 58 58 54 57 60 58
53 52 53 54 55 56 59 59 56 60 58 54 60 60 58 60 53 60 55 57 57 60 58 60 60 60 58 59 48 58 60 59 60 60 60 60 60 60 59 59 60 60 60 56 60 60 60 57 59 60 44 48 56 50 48 48 57 56 57 56 49 50 47 52 54 55 58 51 55 58 57 55 54 57 57 58 48 58 56 54 58 58 58 58 58 58 55 58 57 58 57 55 57 56 58 56 58 56 53 57 60 60 60 60 60 58 59 59 60 57 58 58 58 55 58 57 44 54 60 58
55 56 52 60 58 56 58 60 59 59 58 60 59 59 59 60 58 60 54 60 59 60 58 60 60 60 59 58 54 58 60 60 60 60 60 60 60 60 60 57 60 60 60 60 60 60 59 58 59 60 53 54 57 56 54 55 58 57 58 58 57 57 51 57 58 57 58 58 58 58 58 58 56 57 58 58 54 57 58 57 58 58 58 57 57 58 53 58 58 58 58 58 58 58 58 58 58 57 55 57 60 60 60 60 60 59 55 60 60 59 58 58 58 58 58 56 52 58 60 58
58 58 58 58 60 60 56 60 60 58 59 60 60 60 60 58 59 60 60 60 60 60 60 60 60 60 60 59 55 60 60 60 59 60 60 60 59 60 59 59 60 60 60 60 60 60 60 59 60 58 54 53 58 55 51 51 56 57 58 58 52 50 50 57 57 58 57 53 55 58 58 58 58 58 58 58 55 58 58 58 58 58 58 57 57 57 56 55 56 58 58 57 58 58 58 57 58 57 51 53 60 60 60 60 60 58 56 59 60 50 58 58 58 58 57 58 51 58 60 58
51 58 54 55 49 49 59 60 60 60 58 55 56 57 56 60 57 60 55 59 59 57 58 56 60 57 60 58 56 57 60 59 60 60 60 59 60 58 59 54 60 59 60 58 60 59 59 56 54 55 53 51 57 56 47 54 57 58 58 56 54 54 56 56 57 55 57 57 58 58 58 58 57 55 52 58 52 57 57 56 58 58 58 58 58 58 56 57 58 58 58 57 57 58 58 56 58 57 54 56 60 60 60 60 60 59 57 59 59 53 58 58 58 58 57 58 46 58 60 58
56 59 50 55 59 52 60 59 59 60 58 59 58 58 59 60 58 60 56 60 60 60 59 60 60 60 59 59 52 58 60 60 60 60 60 60 60 60 60 60 60 60 60 59 60 59 58 54 58 60 53 52 58 56 51 56 54 57 58 57 56 53 54 56 56 58 58 58 57 58 56 58 55 58 58 58 55 58 57 58 58 58 58 58 58 58 58 58 58 58 58 57 58 57 58 57 58 58 58 58 60 60 60 60 60 54 60 60 60 56 58 58 58 58 58 58 52 58 60 58
55 59 56 60 59 57 57 60 60 60 59 58 59 60 60 59 58 60 59 60 60 59 60 60 60 59 59 59 52 60 59 59 59 60 60 60 60 60 60 58 60 60 60 59 60 60 60 58 60 60 58 53 58 57 53 52 58 56 58 57 56 52 51 55 58 57 58 54 58 58 58 57 58 58 57 58 58 57 57 58 58 58 58 58 57 57 58 58 58 58 57 58 58 58 58 56 58 57 56 53 60 60 60 60 60 59 59 60 60 57 58 58 58 57 58 58 55 58 60 58
41 58 43 59 57 54 59 60 60 59 59 58 58 58 57 60 57 60 56 59 59 60 58 59 60 59 56 57 50 57 60 60 58 60 59 60 57 58 57 57 60 59 59 56 60 59 57 56 59 60 56 47 57 57 50 55 58 57 57 57 57 57 56 57 57 58 57 58 58 58 56 58 58 55 56 58 55 57 57 57 56 58 57 57 53 57 48 54 58 58 58 57 56 55 55 48 57 56 54 51 60 60 60 60 60 58 57 59 60 48 58 58 58 56 55 57 45 57 60 58
54 55 55 58 59 55 59 59 59 60 58 57 60 60 60 60 56 60 52 60 60 60 60 60 60 59 53 59 56 60 58 60 60 60 59 60 60 60 60 60 60 60 60 58 60 59 60 55 59 58 53 55 58 56 56 54 48 52 58 56 53 50 53 56 58 58 58 51 57 58 58 56 58 55 56 58 57 58 52 58 57 58 58 57 56 57 58 57 58 56 58 58 58 58 58 57 57 55 50 57 60 60 60 60 60 56 51 60 60 56 58 58 58 57 51 58 56 58 60 58
51 55 50 55 57 55 60 60 59 60 59 59 58 59 59 59 55 60 53 59 58 60 59 60 60 60 58 59 53 60 60 60 60 60 60 60 60 60 60 60 60 60 60 59 60 60 59 56 60 60 49 53 58 57 56 56 58 58 58 57 57 57 50 58 56 57 58 50 54 58 58 58 57 57 57 58 56 56 55 58 57 58 58 57 58 58 58 57 58 57 58 56 58 57 58 54 58 58 55 57 60 60 60 60 60 59 59 59 60 54 58 58 58 53 54 57 50 58 60 58
50 58 51 59 58 50 60 60 60 59 56 55 56 60 58 60 50 60 55 60 60 60 60 54 60 60 57 57 56 58 55 60 59 60 60 60 59 60 60 58 60 59 60 53 60 60 60 55 55 60 54 56 55 56 47 56 57 58 57 56 52 56 58 57 56 58 58 55 57 58 58 58 57 57 57 58 50 57 57 57 58 58 58 58 57 58 55 57 58 58 58 56 58 54 58 51 58 57 57 58 60 60 60 60 60 57 52 59 60 60 58 58 58 58 58 58 47 58 60 58
57 57 54 56 54 56 60 60 59 60 55 59 60 60 60 60 48 60 52 60 59 60 60 58 60 60 60 57 58 60 57 60 60 60 60 59 60 60 59 60 60 59 60 56 59 59 60 58 59 59 56 56 57 57 55 56 58 58 57 57 54 55 54 57 58 58 58 56 57 58 58 57 58 57 58 57 50 58 57 56 58 58 57 58 58 57 58 57 58 58 56 58 58 57 57 55 58 58 53 58 60 60 60 60 59 59 58 60 60 51 58 58 58 54 58 57 34 57 60 57
51 52 47 49 50 47 60 60 60 60 59 58 55 53 57 59 54 60 49 60 55 59 56 59 60 59 59 58 56 57 60 59 59 59 60 60 59 60 60 59 60 60 60 59 60 59 55 55 57 60 47 50 57 56 49 53 58 58 57 57 55 54 49 51 54 56 58 49 54 58 58 55 57 58 55 58 54 56 58 56 57 58 58 58 58 58 57 58 58 57 57 54 57 58 57 57 58 57 51 55 60 60 60 60 60 54 58 60 58 48 58 58 58 45 57 57 50 58 60 58
53 52 51 53 52 50 59 60 55 60 59 58 55 57 58 60 51 60 52 59 57 59 55 58 60 60 58 57 49 56 60 59 59 60 58 60 59 60 60 57 60 59 60 58 59 60 59 55 47 57 57 57 58 58 56 53 58 58 58 58 57 55 55 56 57 58 58 58 58 58 58 58 57 57 57 58 58 58 58 58 57 58 58 58 58 58 58 58 58 53 57 57 58 58 58 55 58 58 51 58 60 60 60 60 60 59 57 60 60 57 58 58 58 58 57 58 51 58 60 58
55 57 56 50 57 57 59 60 58 59 57 57 60 59 60 60 55 60 55 60 59 59 60 59 60 57 55 56 48 59 59 60 59 60 60 56 58 60 59 58 60 59 60 60 60 60 58 60 55 60 58 49 58 52 54 56 58 58 58 57 56 55 55 57 57 55 58 58 57 58 58 57 55 58 57 58 55 56 58 58 57 58 58 58 58 58 56 57 58 58 57 57 58 57 58 57 58 57 53 57 60 60 60 60 60 58 57 60 60 57 58 58 58 58 57 58 54 58 60 58
59 57 53 54 58 54 59 60 59 59 59 60 55 58 60 60 54 60 54 60 56 60 58 59 60 59 56 59 51 60 60 59 59 60 59 56 56 60 59 58 60 60 60 60 60 60 56 55 53 56 57 43 56 53 41 45 56 57 58 56 53 54 50 53 54 57 58 50 54 58 57 56 54 56 57 58 51 57 57 57 56 58 58 57 56 55 55 55 57 54 57 57 57 58 58 56 58 55 46 54 60 60 60 60 60 60 57 59 60 54 58 58 58 58 56 58 43 55 60 58
57 53 47 57 56 56 58 60 60 60 56 59 56 58 58 59 53 60 53 60 54 59 59 59 60 60 60 57 53 59 60 60 60 60 60 60 60 60 60 58 60 59 60 57 60 60 60 60 55 60 54 52 57 57 49 54 57 58 58 56 57 52 51 55 58 55 58 55 58 58 58 58 56 57 52 58 55 58 56 57 57 58 58 58 57 58 55 58 58 55 57 58 57 57 58 54 57 58 48 54 60 60 60 60 60 60 59 59 60 59 58 58 58 57 56 55 45 57 60 58
54 57 55 56 53 54 59 60 57 60 60 56 57 58 60 60 52 60 55 58 60 58 59 60 60 59 57 58 54 60 60 59 59 60 60 56 57 60 59 59 60 60 60 60 59 60 55 55 53 53 57 56 58 57 58 58 57 58 58 58 57 58 58 58 57 58 58 57 56 58 58 58 58 56 57 58 56 58 56 58 56 58 58 58 55 58 58 57 58 57 58 57 58 58 58 51 58 58 58 58 60 60 60 60 60 58 59 58 60 53 58 58 58 58 55 58 55 58 60 58
55 56 57 57 57 57 59 60 59 59 57 57 60 58 60 60 55 60 56 60 59 60 60 57 60 58 55 55 44 60 60 58 59 58 60 60 58 60 58 57 60 59 60 51 60 60 60 58 58 59 56 50 58 50 44 50 56 53 58 56 54 53 52 55 56 56 58 54 58 58 58 56 54 57 57 57 51 56 57 57 57 58 58 58 55 56 56 54 58 58 58 57 57 58 58 58 58 56 47 56 60 60 60 60 60 56 53 58 60 51 58 58 58 57 58 58 45 56 60 58
55 56 55 57 59 55 59 60 56 59 59 58 60 60 60 59 59 60 57 60 60 60 59 60 60 58 59 57 52 57 58 60 60 60 60 59 59 59 58 57 60 59 60 57 60 59 60 59 59 60 56 51 57 55 54 57 57 54 58 58 53 53 55 58 57 58 58 58 58 58 58 58 57 57 57 58 58 58 58 57 57 57 58 57 57 58 57 54 57 58 58 58 57 57 58 58 56 58 51 58 60 60 60 60 60 59 57 60 60 48 58 58 58 58 58 58 42 58 60 58
59 60 59 60 56 57 60 60 60 60 59 60 59 59 60 60 57 60 58 60 60 60 60 59 60 60 58 59 58 60 60 60 60 60 60 60 60 60 59 59 60 59 60 60 58 60 60 60 54 60 56 57 58 57 57 55 57 57 58 57 57 57 54 58 58 58 58 58 58 58 58 58 57 56 57 58 53 58 58 58 54 57 58 57 57 58 58 57 58 55 58 58 57 58 57 57 58 58 55 57 60 60 60 60 60 60 59 59 60 58 58 58 58 56 53 57 43 57 60 58
56 56 50 56 54 49 57 59 55 60 59 57 49 58 58 59 49 60 53 60 54 59 59 55 60 60 60 54 49 58 60 60 59 60 59 59 60 60 60 59 60 60 60 58 60 59 58 58 55 58 50 55 54 55 53 51 51 56 57 55 55 55 52 54 52 56 55 51 54 58 58 57 54 55 57 58 50 57 48 56 57 57 58 58 58 58 58 55 58 57 56 57 58 57 58 56 58 56 53 57 60 60 60 60 60 55 53 60 60 58 58 58 58 57 51 58 44 55 60 58
55 58 54 57 56 58 60 60 58 60 59 60 60 56 59 60 58 60 52 59 59 60 59 60 60 60 58 58 56 60 59 60 60 60 60 60 60 60 60 60 60 60 60 59 60 60 59 59 60 60 53 53 58 56 54 54 58 57 58 57 56 56 50 56 58 58 58 58 58 58 58 58 56 58 58 58 57 58 57 57 58 57 58 58 57 56 57 58 58 57 57 55 58 57 58 58 58 56 56 56 60 60 60 60 60 60 59 60 60 58 58 58 58 58 58 58 44 56 60 58
57 59 56 57 54 57 59 60 58 59 59 58 57 58 59 60 51 60 52 60 59 60 60 59 60 60 59 57 60 59 58 60 60 60 60 59 58 60 60 59 60 60 60 55 57 60 60 57 60 60 57 56 58 58 53 50 58 55 58 57 56 54 55 56 57 57 58 57 58 58 58 56 57 57 57 58 56 58 57 58 57 58 58 58 58 58 58 58 58 58 58 58 57 58 58 58 58 58 54 58 60 60 60 60 60 59 54 59 60 54 58 58 58 58 58 58 50 58 60 58
56 58 56 54 54 48 60 60 60 60 59 60 58 58 58 60 58 60 59 60 60 59 56 60 60 60 58 59 54 57 60 60 60 60 60 60 60 60 60 60 60 60 60 60 60 60 59 55 59 60 54 55 57 57 56 57 57 58 58 57 57 57 55 55 56 57 57 55 58 58 58 58 57 58 57 58 51 58 55 58 57 57 58 57 56 58 58 58 58 58 57 58 58 58 58 54 58 57 55 55 60 60 60 60 60 59 60 60 60 57 58 58 58 57 58 58 53 58 60 58
43 55 53 59 56 47 58 60 59 60 60 57 58 58 58 60 53 60 54 60 58 60 59 56 60 60 57 55 57 60 60 60 60 59 58 60 57 60 60 56 60 60 60 57 60 60 57 57 57 60 53 48 55 52 43 52 56 57 58 58 57 54 51 55 55 56 58 51 55 58 58 58 57 58 54 58 51 57 56 58 51 58 58 58 58 58 54 55 58 56 58 58 58 55 58 52 58 57 56 58 60 60 60 60 60 59 57 59 59 54 58 58 58 57 55 58 49 58 60 58
51 50 49 58 58 57 58 60 59 59 58 57 57 57 58 59 55 60 57 60 58 57 58 58 60 58 58 58 52 57 60 60 58 60 56 55 55 60 59 60 60 59 60 58 59 59 54 53 47 53 55 53 55 54 45 49 57 56 57 57 54 53 51 55 55 57 57 54 55 58 58 55 58 54 56 57 55 56 57 57 57 58 58 58 58 57 49 56 58 57 56 57 57 55 56 54 58 55 47 54 60 60 60 60 60 60 56 60 59 53 58 58 58 55 55 57 35 57 60 58
56 56 55 60 60 55 59 60 59 60 60 58 58 60 59 60 52 60 56 60 60 59 58 58 60 60 57 57 53 59 60 60 59 60 58 60 54 60 60 59 59 60 60 58 59 60 59 57 55 60 54 55 57 58 56 56 56 58 57 57 52 55 54 57 57 58 58 56 57 58 58 58 56 58 58 58 57 56 58 58 58 58 58 58 57 58 56 56 58 57 57 58 58 58 58 52 58 57 50 54 60 60 60 60 60 59 58 59 60 53 58 58 58 58 58 58 51 57 60 57
56 54 55 58 58 56 58 60 60 59 56 60 58 59 59 60 54 60 51 60 59 59 60 57 60 60 59 56 49 58 56 60 60 59 60 60 59 58 58 51 58 60 60 47 56 60 60 60 58 60 54 53 57 56 48 54 58 58 58 58 54 53 50 56 56 58 57 50 57 58 58 58 54 56 56 58 50 57 57 57 57 57 57 58 58 58 58 58 58 58 58 57 58 58 58 56 58 58 53 51 60 60 60 60 60 59 53 55 60 55 58 58 58 58 58 57 55 58 60 58
55 57 51 55 53 50 57 60 56 60 60 55 59 55 54 60 56 60 52 59 58 60 54 60 60 59 60 57 53 57 58 59 60 60 60 59 59 60 58 57 57 60 60 53 60 60 53 58 50 60 53 50 57 55 52 52 57 57 57 57 52 55 49 57 53 56 57 54 57 58 58 56 57 55 54 58 50 58 56 56 56 57 58 58 58 58 53 57 58 53 56 55 57 56 58 57 58 58 49 53 60 60 60 60 60 58 57 60 60 50 58 58 58 52 57 58 31 54 60 58
57 60 58 60 57 57 60 60 60 60 59 57 60 60 60 60 57 60 60 60 60 60 60 60 60 59 60 60 54 60 60 60 60 60 59 59 60 60 59 60 60 58 60 60 60 60 60 60 59 59 57 56 58 56 56 57 58 58 58 57 58 58 55 58 57 58 58 57 58 58 58 58 58 57 58 58 56 57 58 56 58 58 58 58 58 58 58 57 58 58 58 57 58 58 58 56 58 58 56 56 60 60 60 60 60 59 60 60 60 57 58 58 58 58 57 58 49 58 60 58
57 57 57 58 59 55 57 59 56 58 58 57 59 59 60 59 54 60 56 60 60 58 59 56 60 59 60 51 50 59 60 60 58 60 60 59 55 60 58 55 60 59 60 58 60 60 60 60 52 57 58 53 58 58 54 53 58 58 58 58 56 56 54 57 58 58 58 52 57 58 58 57 58 57 57 58 56 58 58 58 58 57 58 58 57 58 56 54 58 55 58 58 57 58 58 50 58 58 56 54 60 60 60 60 60 60 58 60 60 50 58 58 58 57 58 58 56 58 60 58
53 56 53 56 59 57 58 60 60 60 59 60 59 56 58 58 53 60 50 60 59 60 58 60 60 59 59 59 53 59 59 60 60 60 60 60 60 60 60 58 60 59 60 57 60 60 60 55 59 60 56 53 57 56 55 54 58 58 58 55 56 56 51 56 55 54 58 56 58 58 58 58 56 57 58 58 51 58 57 58 56 58 58 58 58 58 58 58 58 57 58 57 58 57 58 57 58 54 48 57 60 60 60 60 60 57 56 60 60 56 58 58 58 52 56 57 47 57 59 57
58 57 51 57 55 56 58 59 58 59 59 55 59 60 60 58 54 60 53 60 59 59 56 59 60 60 60 55 50 58 58 60 59 60 60 59 60 60 59 58 60 60 60 56 59 60 60 60 56 60 56 50 57 53 53 53 58 57 57 57 55 51 51 52 54 54 58 48 58 58 56 56 57 57 58 57 52 58 58 56 58 58 58 57 58 58 58 58 56 58 57 57 56 57 58 56 58 57 52 48 60 60 60 60 60 59 59 60 60 48 58 58 58 51 58 58 39 58 60 58
59 59 57 59 55 56 60 60 59 59 59 60 59 60 59 60 56 60 53 60 60 60 60 60 60 60 60 59 57 59 60 60 59 59 60 60 59 60 60 57 60 59 60 57 60 60 60 60 59 59 56 57 58 58 54 58 58 58 58 57 56 57 55 56 58 57 58 55 54 58 58 58 58 58 57 58 56 58 58 58 57 58 58 58 55 58 58 57 58 57 57 57 58 58 58 55 58 58 50 57 60 60 60 60 60 58 55 59 60 52 58 58 58 57 56 58 48 58 60 58
57 58 54 55 54 55 58 58 57 57 59 56 56 59 60 58 42 60 54 60 59 59 60 52 60 58 60 55 49 57 60 60 56 60 59 58 58 57 55 55 60 58 60 60 60 60 60 59 55 48 51 51 56 54 50 54 56 56 54 53 54 50 50 55 55 56 58 50 56 58 57 56 58 54 51 58 50 58 58 56 54 58 58 56 58 57 54 54 58 56 55 54 57 56 57 51 58 58 45 41 60 60 60 60 60 55 52 59 58 38 58 58 58 57 56 58 38 54 60 57
57 56 54 56 52 53 55 56 52 59 57 57 57 56 57 59 54 59 57 60 60 58 55 58 60 59 57 53 50 58 59 59 60 60 59 58 56 60 58 54 60 60 60 55 60 60 57 48 55 60 57 53 58 54 50 51 57 57 56 57 54 53 49 56 57 55 56 52 58 57 58 58 57 56 58 58 52 58 58 57 58 58 58 57 58 57 56 54 57 57 57 57 57 58 58 54 58 56 51 54 60 60 60 60 60 49 59 60 60 51 58 58 58 54 57 56 33 57 60 58
55 45 46 58 60 54 60 60 60 60 58 58 55 57 57 60 59 60 55 58 58 59 58 60 60 60 59 59 54 58 60 60 60 60 60 60 58 60 60 58 60 60 60 60 60 60 59 58 58 60 57 55 57 57 53 51 57 58 58 57 57 55 53 55 53 57 58 55 58 58 58 58 57 53 57 58 52 58 57 58 57 58 58 58 58 58 56 57 58 56 57 58 57 58 58 50 58 58 55 58 60 60 60 60 60 59 57 59 60 56 58 58 58 56 55 58 45 52 60 58
48 53 57 53 54 53 59 57 50 59 59 58 58 60 59 58 59 60 53 60 58 59 58 59 60 59 51 52 49 57 57 59 56 60 57 57 56 58 57 56 60 59 60 59 59 59 53 53 54 58 47 51 58 52 53 56 58 56 58 58 58 57 52 57 54 55 58 56 58 58 57 58 57 55 56 58 56 57 53 57 57 57 58 58 55 57 58 57 58 57 58 57 57 58 58 47 58 56 55 55 60 60 60 60 60 60 51 60 60 41 58 58 58 58 53 58 49 57 60 58
53 58 58 56 55 58 60 60 59 60 60 59 58 60 60 60 52 60 59 59 60 60 60 59 60 60 60 59 56 56 60 60 60 60 60 58 60 60 60 59 60 60 60 58 60 60 59 58 57 60 54 52 57 55 53 55 58 58 58 57 56 57 58 56 57 58 57 56 53 58 57 58 58 56 55 58 54 57 57 56 57 57 58 58 58 56 56 57 58 56 58 57 58 58 58 57 58 58 55 57 60 60 60 60 60 60 59 59 60 57 58 58 58 54 55 57 42 56 60 58
59 59 58 60 59 57 60 60 60 60 60 59 59 59 60 60 58 60 57 60 60 60 60 60 60 59 60 60 55 59 60 60 58 60 60 60 60 60 58 59 60 60 60 60 60 60 60 60 56 59 55 54 58 57 58 57 58 58 58 57 57 55 54 58 58 58 58 56 58 58 58 58 58 58 57 58 54 57 58 58 57 56 58 58 58 58 56 57 58 57 58 57 56 57 58 55 58 58 51 55 60 60 60 60 60 60 59 60 60 58 58 58 58 58 57 56 48 57 60 58
53 50 48 46 55 54 58 54 52 59 60 57 56 55 57 59 58 60 56 60 56 59 54 58 60 59 54 48 53 52 58 57 56 60 57 58 59 60 57 56 60 59 60 48 59 57 55 53 42 60 54 52 55 50 53 57 53 55 58 57 54 56 52 55 55 54 58 56 58 58 58 58 57 57 57 58 56 54 55 58 58 58 58 58 56 57 58 57 57 58 58 57 58 58 57 57 58 57 52 57 60 60 60 60 60 60 52 59 60 54 58 58 58 58 56 58 51 57 60 58
57 59 56 58 59 58 59 60 59 60 60 59 60 60 60 60 54 60 58 60 60 60 60 60 60 60 60 60 56 57 58 60 60 60 60 60 60 60 60 60 60 60 60 60 60 60 60 60 60 60 58 57 58 57 56 57 58 58 58 58 58 58 56 58 58 58 58 57 58 58 58 58 58 58 58 58 57 58 57 58 58 57 58 58 58 58 58 58 58 57 58 56 58 58 57 58 58 57 57 58 60 60 60 60 60 60 60 60 60 59 58 58 58 58 56 58 54 57 60 58
57 52 53 56 50 52 58 60 58 60 60 58 55 56 57 60 54 60 53 59 57 59 59 59 60 60 59 53 48 56 59 59 56 60 60 60 59 58 60 58 60 59 60 60 60 60 60 59 56 58 56 58 58 55 48 54 57 57 57 56 53 52 53 54 53 57 56 53 56 58 58 58 55 55 58 57 50 56 57 58 56 58 58 56 58 58 56 51 58 53 57 55 57 56 58 52 58 58 43 57 60 60 60 60 60 57 59 60 58 53 58 58 58 56 57 57 38 56 60 58
51 49 54 51 48 48 57 59 52 60 58 55 52 58 56 60 51 60 56 47 57 57 57 57 60 56 55 56 47 55 60 59 58 60 58 58 59 59 59 54 60 58 58 59 58 57 56 56 50 44 53 50 58 55 54 57 57 57 57 58 58 57 54 58 58 58 58 57 54 58 57 58 57 57 57 58 53 57 58 56 53 57 58 58 57 58 56 57 58 58 58 58 57 55 57 49 58 58 52 55 60 60 60 60 60 58 58 58 59 48 58 58 58 58 56 58 54 55 60 58
53 53 51 55 55 49 56 59 60 60 59 58 57 58 57 57 54 60 55 58 54 60 60 59 60 60 59 50 48 58 60 59 57 60 60 60 57 59 56 54 60 59 60 58 60 60 59 57 59 60 57 52 58 56 55 53 57 58 58 56 56 56 54 57 57 58 58 50 56 58 58 57 58 57 58 58 57 58 58 58 58 58 58 58 58 57 56 54 58 57 57 58 57 58 58 52 58 58 55 54 60 60 60 60 60 59 59 60 60 50 58 58 58 57 57 58 46 58 60 58
56 59 58 57 59 59 59 58 59 60 59 60 60 60 60 60 59 60 59 59 60 60 59 60 60 60 54 57 54 59 60 60 60 60 60 60 60 60 60 58 60 60 60 60 60 60 60 60 59 60 53 53 57 56 53 51 58 58 58 57 55 53 53 56 56 57 58 58 56 58 58 58 57 58 58 58 53 58 58 57 58 58 58 58 58 58 58 58 58 58 58 56 58 58 58 58 58 56 55 57 60 60 60 60 60 57 58 60 60 57 58 58 58 57 58 57 54 57 60 58
57 57 54 57 59 56 56 59 60 60 60 58 58 60 60 60 53 60 52 60 60 60 59 60 60 60 60 58 55 59 60 60 59 59 60 60 59 60 60 60 60 60 60 59 58 60 60 57 59 59 57 52 57 56 56 57 57 57 58 58 56 58 56 57 56 58 56 52 58 58 58 57 57 58 57 58 51 58 54 58 54 58 58 58 58 58 57 58 58 56 58 57 58 58 58 55 58 57 56 58 60 60 60 60 60 57 59 60 60 58 58 58 58 58 55 58 53 58 60 58
55 57 54 58 52 52 58 60 59 59 59 58 59 58 57 58 53 60 54 60 59 60 58 58 60 60 60 56 52 57 60 60 59 60 60 59 57 60 59 59 60 59 60 59 60 59 59 58 53 57 54 55 58 58 56 54 58 58 58 56 54 53 49 56 58 55 58 55 57 58 58 56 55 57 57 58 54 58 56 58 57 58 58 57 58 57 50 57 58 58 58 57 58 57 58 58 58 56 42 53 60 60 60 60 60 57 55 58 59 53 58 58 58 52 58 56 50 56 59 58
59 59 52 56 57 57 60 60 58 60 59 57 58 60 60 60 60 60 59 60 60 60 57 60 60 60 58 58 54 60 58 60 60 60 60 60 60 60 60 60 60 59 60 59 60 59 60 57 59 60 52 57 56 56 52 55 58 54 57 56 52 56 58 57 55 58 58 57 56 57 58 58 58 57 58 57 52 56 50 58 57 58 57 58 58 57 56 57 56 56 58 57 57 57 58 58 58 56 54 54 60 60 60 60 60 59 59 60 60 57 58 58 58 58 48 58 39 57 60 58
57 59 54 53 54 50 58 59 52 60 57 57 52 57 58 60 57 60 57 59 60 58 54 60 60 60 60 58 56 54 59 60 60 60 58 54 57 60 60 59 60 60 60 60 60 60 50 54 52 56 54 56 58 58 56 51 56 56 57 56 55 58 54 56 57 55 58 56 57 58 58 58 58 57 54 58 55 58 56 58 58 58 58 58 58 58 54 56 58 56 58 57 57 57 58 52 58 57 56 57 60 60 60 60 60 58 58 58 60 55 58 58 58 57 53 58 49 58 60 58
