14.45
14.4833
13.7333
14.8833
14.6333
14.7667
14.6667
14.1667
14.0833
14.7833
14.4167
14.7667
14.8333
14.6667
14.75
14.4833
14.25
14.8667
14.9167
13.7333
14.95
14.7167
13.5833
14.6
14.7333
14.5167
14.8667
14.9667
14.8333
14.25
13.5667
15.05
14.8667
14
14.7667
14.9333
14.5667
14.9667
14.0833
14.7167
14.6167
14.1
14.65
13.6667
14.0333
14.6
14.8167
14.7833
15.05
14.8
15.1167
14.2167
13.5833
13.3
14.55
14.0333
14.7333
14.1
14.9667
14.7333
14.1333
12.8167
14.6667
14.85
13.4667
14.2667
14.1167
13.2167
14.7
13.5
13.5667
14
14.6667
14.6833
13.95
14.6833
14.2333
