48.0333
48.6833
43.7333
51.9667
50.35
50.6
49.3333
45.6167
45.1833
51.5167
48.6
52.0833
50.4167
48.5333
51.2167
47.8167
47.15
51.95
52.0333
42.05
53.1833
50.8667
42.4333
49.7333
50.0167
50.25
52.35
52.2333
51.8167
47.1333
39.8167
54.6
52.75
44.75
49.8
52
49.4
52.0667
45.7333
49.9167
49.9833
46.5833
50.8833
42.0833
44.1167
50.7
51.6667
50.3833
53.5167
50
53.5833
46.5333
41.4
39.45
48.0833
47.05
50.75
45.2833
51.95
49.9833
45.25
36.1667
49.6
52.5333
41.6
47
47.0833
40.4167
51.5667
41.5167
41.8667
44.2833
50.3333
51.1333
43.2333
51.0333
48.9167
