105.917
106.267
98.7833
109.517
108.667
107.033
107.017
102.75
102.1
108.883
105.483
109.65
107.95
105.983
109.183
105.317
104.817
109.6
109.983
99.2667
111.267
109.333
97.0333
107.583
107.35
108.117
110.283
108.85
109.767
104.933
96.8667
112.433
110.817
101.55
107.183
109.567
106.667
109.6
102.217
107.217
107.583
103.15
108.117
99.7667
100.95
108.333
109.8
106.85
111.433
107.817
111.467
103.4
97.7333
97.1
105.2
103.45
109.15
102.817
109.383
106.95
103.233
91.9833
106.05
109.917
98.1
104.733
105.267
96.75
110.1
98.1667
98.15
101.417
108.383
109.017
100.317
108.633
106.05
