15 16 16 16 16 16 16 16 16 11 9 12 12 13 13 14 13 14 13 14 14 14 14 9 11 11 11 11 10 11 4 2 3 12 12 11 11 21 21 17 23 20 21 21 21 23 23 22 22 23 15 16 16 16 16 16 16 16 13 10 11 12 13 11 13 13 14 14 14 14 14 13 13 10 11 11 11 11 3 2 12 12 11 12 12 12 12 11 12 19 21 20 19 18 22 22 23 22 22 22 17 17 17 17 16 12 16 15 17 16 17 17 16 15 15 14 17 17 1 1
11 16 16 16 16 16 16 16 16 11 10 13 13 13 13 13 14 14 13 14 14 14 14 11 11 11 11 11 11 11 4 4 3 10 11 11 11 23 22 21 21 19 22 21 19 21 23 22 22 23 15 15 15 15 16 16 15 16 13 13 13 11 11 12 13 13 14 13 13 14 14 14 14 11 11 11 11 11 3 4 11 12 11 11 11 11 12 12 12 18 23 21 22 20 22 23 23 21 17 21 17 17 17 17 16 16 14 14 17 17 17 16 16 15 15 15 17 17 1 1
13 16 14 15 16 16 15 16 16 9 12 11 8 12 13 14 13 14 13 14 14 13 14 9 11 11 11 11 11 11 4 3 3 12 8 10 10 19 16 15 23 21 23 23 23 22 14 21 19 20 14 14 15 15 16 15 16 16 9 9 11 12 11 13 13 13 11 14 14 14 14 14 14 10 11 10 11 11 4 2 11 11 11 12 11 9 11 12 10 20 19 17 19 18 19 23 23 22 11 22 17 15 17 14 16 12 15 14 17 16 16 15 16 11 16 13 17 17 1 1
16 16 16 16 16 16 16 16 16 12 10 13 13 13 13 14 13 14 14 14 14 14 14 11 11 10 11 11 11 11 3 4 4 12 12 11 12 22 22 21 23 20 23 23 21 23 21 23 23 23 16 16 16 16 16 16 16 16 13 12 12 12 12 13 13 13 14 14 14 13 14 14 14 10 11 11 11 11 4 3 12 12 12 12 11 12 12 12 12 22 22 20 22 20 23 22 23 22 19 23 17 17 17 17 17 17 15 17 17 17 17 17 17 16 17 16 17 17 1 1
15 16 16 16 16 16 16 16 16 11 12 11 13 13 13 14 14 14 14 14 14 14 14 11 11 10 8 11 11 11 3 3 3 12 12 12 12 21 22 21 23 18 22 19 21 23 23 22 22 23 15 16 16 16 16 16 16 16 13 13 12 12 10 13 13 13 14 14 14 14 14 14 14 9 10 11 10 11 3 2 12 12 12 12 12 12 12 12 12 20 19 22 22 21 22 21 23 23 21 22 17 17 17 17 16 13 16 16 17 16 17 17 16 17 15 16 17 15 1 1
13 16 15 16 16 16 16 16 16 13 11 11 12 12 13 14 14 14 14 14 14 14 14 10 11 11 11 11 11 10 3 4 4 12 12 10 12 22 21 21 23 20 23 22 22 23 20 23 23 23 15 15 16 16 16 16 15 15 9 12 13 13 12 13 13 13 14 14 14 14 14 14 14 9 11 11 11 11 4 3 12 12 12 11 12 12 12 11 12 23 23 19 20 23 23 23 23 22 20 23 17 17 17 17 17 17 14 17 17 17 17 17 16 16 17 16 17 17 1 1
16 16 16 16 16 16 16 16 16 13 13 13 13 13 13 14 13 14 14 14 14 14 14 11 11 10 11 11 11 11 4 4 3 12 12 10 11 20 22 19 23 20 22 18 23 23 22 21 23 23 16 16 16 16 16 16 16 16 13 13 13 13 13 13 13 13 13 14 14 14 14 14 14 10 11 11 11 11 4 3 12 12 12 11 10 12 12 12 12 19 21 18 22 21 21 22 23 23 22 21 17 17 17 17 17 13 14 14 17 16 17 17 16 14 15 14 17 17 1 1
15 16 14 16 16 16 14 16 16 8 8 10 11 13 13 11 13 14 12 14 14 14 14 9 9 10 11 11 11 11 3 4 2 12 12 10 12 19 18 17 23 23 22 23 22 22 22 22 22 23 13 15 15 16 16 16 16 16 12 9 9 11 11 11 13 13 12 13 13 14 14 12 14 8 9 11 11 11 3 2 12 12 12 11 12 11 11 11 12 21 20 18 21 20 22 23 22 21 19 23 17 17 17 17 16 15 16 14 17 16 17 17 16 16 17 13 17 17 1 1
16 16 16 16 16 16 16 16 16 7 6 10 11 13 13 14 13 14 14 14 14 13 13 11 9 9 9 10 11 11 4 4 3 12 12 11 12 20 19 16 22 20 21 20 21 22 19 20 19 23 16 16 16 16 16 16 16 16 9 9 11 11 10 11 12 13 14 12 14 14 14 13 14 7 8 11 11 11 3 4 12 12 12 11 11 12 11 12 12 17 19 18 18 18 20 21 23 22 21 23 17 17 17 17 16 16 14 17 17 17 17 17 16 16 17 14 17 17 1 1
14 16 16 16 16 16 16 16 16 13 11 13 13 13 13 13 14 14 14 14 14 14 14 11 10 11 11 10 11 11 4 4 4 12 12 11 12 23 22 21 23 22 23 23 22 23 20 20 20 23 16 16 15 16 16 16 15 16 13 12 13 12 13 13 13 13 14 14 14 14 14 13 14 10 10 11 11 11 4 4 12 12 12 11 12 12 12 12 12 17 23 21 21 22 23 23 23 22 21 23 17 16 17 17 17 15 15 15 17 17 17 17 17 13 17 14 17 17 1 1
15 16 16 16 16 16 14 16 16 13 11 13 13 13 13 12 13 14 12 14 14 14 14 11 11 11 11 10 11 11 4 4 3 11 12 12 11 20 20 20 22 21 23 23 21 23 23 21 21 23 14 15 16 16 16 16 16 16 13 13 13 12 12 13 13 13 11 13 14 14 14 13 14 11 10 11 11 11 3 4 12 12 12 11 11 12 12 12 12 19 21 22 22 20 23 19 23 22 23 23 17 16 17 14 17 10 11 14 17 16 17 13 15 12 13 15 17 15 1 1
15 16 16 15 16 16 16 16 16 13 12 13 12 13 13 14 13 14 14 14 14 14 14 11 11 10 11 11 11 11 3 4 2 12 12 12 12 23 22 20 23 23 21 20 19 22 22 23 21 23 14 16 16 16 16 16 16 16 13 11 13 13 13 13 13 13 13 14 14 14 14 14 14 10 11 11 11 11 3 2 12 12 12 12 12 12 12 12 12 18 21 20 22 22 23 22 23 21 21 23 17 17 17 17 17 16 16 15 17 17 17 17 17 16 17 15 17 16 1 1
16 16 16 16 16 16 16 16 16 12 11 13 13 12 13 13 14 14 13 14 14 14 14 11 11 10 11 11 11 11 4 4 3 11 12 11 12 22 23 21 23 20 23 21 21 23 22 21 23 23 16 16 16 16 16 16 16 16 13 12 12 13 11 13 13 13 13 14 14 14 14 13 14 10 11 11 11 11 3 4 12 12 12 11 11 12 12 12 12 23 21 19 21 22 22 22 23 23 21 23 17 17 17 17 17 16 15 17 17 17 17 17 17 16 17 15 17 17 1 1
14 16 16 16 16 16 16 16 16 10 12 13 12 13 13 14 14 14 13 14 14 14 14 11 11 11 10 11 11 11 4 4 3 12 12 12 12 21 22 18 22 19 20 21 22 23 21 20 21 23 15 16 15 16 16 16 16 16 13 11 12 12 12 13 13 13 14 14 14 14 14 13 14 11 10 11 11 11 3 4 12 12 12 12 12 12 12 12 12 18 22 18 19 20 22 18 23 22 22 23 17 17 17 17 17 17 17 17 17 17 17 17 17 17 17 17 17 17 1 1
16 16 16 16 16 16 13 16 16 13 12 13 12 13 13 12 14 14 14 14 14 14 14 11 11 11 10 11 11 11 4 4 4 12 12 12 12 22 21 18 22 22 21 23 22 23 19 22 20 23 15 16 15 15 16 16 16 16 13 11 13 13 13 13 13 13 14 13 14 14 14 14 13 11 10 11 11 11 4 4 12 12 12 12 12 11 11 12 12 20 22 20 22 18 22 21 23 23 20 23 17 17 17 17 17 17 17 15 17 17 17 17 17 17 16 16 17 17 1 1
16 16 16 16 16 16 16 16 16 11 8 9 10 13 13 13 13 14 11 14 14 14 14 9 11 9 10 11 11 11 4 3 3 12 11 12 12 23 19 17 23 20 23 21 23 23 23 22 22 23 16 16 16 16 16 16 16 16 12 10 9 11 11 11 13 13 13 14 14 14 14 11 13 9 10 11 11 11 2 4 11 12 12 12 12 12 12 12 12 22 21 20 20 21 21 22 23 22 23 23 17 17 17 17 15 16 17 15 17 17 17 16 16 15 16 17 17 17 1 1
14 16 16 16 16 16 15 16 16 9 8 10 12 12 13 13 14 14 13 14 14 14 14 11 11 10 11 11 11 11 3 4 2 12 12 12 12 21 20 15 23 18 20 18 20 22 22 22 23 23 14 16 15 16 16 16 16 16 11 8 10 11 12 12 13 13 13 13 14 14 14 14 14 10 11 11 11 11 3 2 12 12 12 12 12 12 12 12 12 20 17 16 17 19 22 22 23 23 21 21 17 17 16 16 17 15 15 17 17 17 17 17 17 15 17 13 17 17 1 1
16 15 16 16 16 16 16 16 16 13 12 13 13 13 13 14 14 14 14 14 14 14 14 11 11 10 11 11 11 11 3 4 4 12 12 12 12 21 23 21 23 21 20 21 22 23 22 20 22 23 16 15 16 16 16 16 16 16 13 13 13 12 13 13 13 13 14 14 14 14 14 14 14 10 11 11 11 11 4 3 12 12 12 12 12 12 12 12 12 16 21 23 22 20 22 21 22 22 20 23 17 17 17 17 17 17 16 17 17 17 17 17 17 17 17 16 17 17 1 1
15 16 15 16 16 16 15 16 16 13 13 13 13 13 13 14 14 14 14 14 14 14 14 11 11 11 11 11 11 11 4 4 4 12 12 12 12 22 21 21 23 20 23 22 21 23 22 23 23 23 13 16 16 16 16 16 16 16 13 13 13 13 13 13 13 13 14 14 14 14 14 14 14 11 11 11 11 11 4 4 12 12 12 12 12 12 12 12 12 23 21 22 20 22 23 22 23 20 21 22 17 17 17 17 17 15 16 15 17 17 17 17 17 15 17 14 17 17 1 1
15 15 16 16 16 16 12 16 16 7 8 8 9 12 13 10 12 14 13 14 14 13 14 9 11 11 11 11 11 11 4 3 2 11 12 12 11 17 16 12 18 21 23 23 23 23 21 22 22 22 13 15 15 16 15 16 16 16 9 8 9 10 9 12 13 13 10 13 14 14 14 12 13 10 10 11 11 11 3 2 12 12 11 12 12 11 12 12 12 18 19 16 20 18 21 19 23 23 22 22 17 16 16 17 15 10 13 16 17 16 16 15 14 13 16 14 17 16 1 1
15 16 16 16 16 16 16 16 16 13 13 13 13 13 13 14 14 14 14 14 14 14 14 11 11 11 11 11 11 11 4 4 3 12 12 12 12 22 22 21 22 18 22 23 22 23 23 22 22 23 16 16 15 16 16 16 16 16 13 13 13 13 13 13 13 13 14 14 14 14 14 14 14 11 11 11 11 11 3 4 12 12 12 12 12 12 12 12 12 22 22 22 21 23 23 20 23 20 19 22 17 17 17 17 16 17 16 17 17 17 17 17 16 17 16 17 17 17 1 1
14 16 16 16 16 16 15 16 16 12 12 12 12 13 13 14 12 14 11 14 14 14 14 11 11 11 11 11 11 11 4 4 3 11 12 12 12 21 21 19 23 21 23 22 23 23 21 18 22 23 14 15 16 16 16 16 16 16 13 11 13 13 11 13 13 13 13 14 14 14 14 12 12 11 11 11 11 11 3 4 12 12 12 12 11 12 12 12 12 23 22 21 21 20 21 21 23 20 20 22 17 17 17 17 17 17 17 17 17 17 17 17 17 17 17 17 17 17 1 1
12 16 16 16 16 16 16 16 16 10 8 9 13 13 13 10 13 12 14 13 13 14 13 8 11 9 10 9 11 10 4 3 3 10 10 8 11 18 18 17 19 22 20 18 19 20 19 15 18 21 15 15 16 15 15 16 16 16 13 11 12 10 10 10 13 13 14 13 13 14 14 13 9 9 10 10 11 10 2 4 12 11 12 10 9 11 11 11 12 22 21 16 20 21 16 18 19 17 15 19 17 17 17 16 14 16 16 17 17 16 17 17 16 17 16 14 17 17 1 1
16 16 16 16 16 16 16 16 16 13 12 11 13 13 13 13 14 14 14 14 14 14 14 11 11 11 11 11 11 11 4 4 3 12 12 12 12 22 19 13 23 17 21 21 21 23 22 22 22 22 16 16 16 16 16 16 16 16 12 11 13 13 13 13 13 13 14 13 14 14 14 14 14 11 11 11 11 11 3 4 12 12 12 12 12 12 12 12 12 18 19 19 20 19 23 22 23 23 17 21 17 17 17 17 17 14 16 16 17 16 17 17 17 16 15 16 17 17 1 1
14 16 16 16 16 16 16 16 16 12 12 13 13 13 13 14 13 14 14 14 14 14 14 11 11 11 11 11 11 11 4 4 3 12 12 12 12 23 22 20 23 20 22 22 22 22 20 19 20 23 15 16 15 16 16 16 16 16 13 13 11 13 13 13 13 13 13 14 14 14 14 14 14 10 11 11 10 11 3 4 12 12 12 12 12 12 12 12 12 22 22 21 21 21 21 23 23 21 14 23 17 17 17 17 16 16 16 16 17 17 17 17 17 16 16 15 17 17 1 1
14 16 15 16 16 16 16 16 16 12 13 12 13 13 13 14 14 14 13 14 14 12 14 11 11 11 9 11 11 11 4 4 4 12 11 11 12 22 22 22 23 19 20 22 21 23 16 17 18 23 15 14 16 16 16 16 16 16 13 13 13 13 11 13 13 13 13 13 13 14 14 14 14 10 11 11 10 11 4 4 12 11 12 12 12 12 12 11 12 19 19 20 18 17 22 23 22 22 20 22 17 17 17 17 17 17 17 14 17 17 17 17 16 17 16 16 17 17 1 1
14 16 16 16 16 16 16 16 16 11 10 11 12 13 13 13 12 14 14 14 14 14 14 11 11 11 11 11 11 11 4 4 3 12 12 12 12 22 20 20 23 23 23 23 23 23 23 23 23 23 15 16 15 16 16 16 16 16 12 11 11 11 13 12 13 13 13 13 14 14 14 13 14 11 11 11 11 11 4 3 12 12 12 12 12 12 12 12 12 23 21 22 23 20 21 23 23 23 22 23 17 17 17 17 17 17 17 15 17 17 17 17 16 17 16 17 17 17 1 1
15 15 15 16 16 16 15 16 16 13 13 13 13 13 13 13 14 14 14 14 14 14 14 11 11 11 10 11 9 11 4 4 3 12 12 12 12 21 22 22 23 23 23 23 23 23 23 22 22 23 12 16 16 16 16 16 16 16 13 13 13 13 13 13 13 13 14 13 14 14 14 14 14 10 11 11 11 11 4 3 12 12 12 12 12 12 12 12 12 23 23 23 23 21 20 23 23 22 23 23 17 17 17 16 17 16 15 17 17 17 17 17 16 14 17 17 17 17 1 1
16 16 16 16 16 16 14 16 16 12 12 13 13 13 13 14 14 14 14 14 14 14 13 11 11 11 11 11 11 11 4 4 4 12 12 12 12 22 20 20 23 21 23 23 23 23 21 20 22 23 16 15 16 16 15 16 16 16 13 13 13 13 11 13 13 13 13 14 14 14 14 14 14 11 11 11 11 11 4 4 12 12 12 12 11 12 11 12 12 22 21 20 21 20 22 23 23 21 22 23 17 16 17 17 16 16 17 15 17 17 17 17 17 14 17 15 17 17 1 1
11 16 16 16 16 16 12 16 16 11 10 12 11 13 13 13 14 14 13 14 14 13 14 11 11 10 9 10 11 11 3 3 2 11 10 12 11 22 20 22 23 20 21 20 22 23 22 22 23 23 14 15 14 16 14 16 14 16 13 11 10 11 12 13 13 13 14 12 14 14 14 13 14 8 10 11 11 11 3 1 11 11 12 11 11 12 12 12 12 21 20 20 20 21 22 22 23 21 22 23 17 16 17 16 17 11 15 15 17 15 17 15 16 13 15 16 17 17 1 1
12 15 16 16 16 16 16 16 16 6 7 10 11 10 13 12 10 14 13 14 14 14 14 9 9 10 10 10 9 11 3 3 3 11 11 11 12 18 17 12 22 16 18 21 19 23 20 23 22 21 14 15 15 16 15 16 16 16 8 8 9 11 11 11 13 12 12 12 14 14 14 12 13 6 7 11 11 11 3 2 11 12 11 11 12 12 12 12 12 18 17 16 16 17 21 20 23 22 21 21 17 17 17 17 15 14 14 15 17 17 17 17 16 13 14 15 17 17 1 1
15 16 14 16 16 16 16 16 16 13 13 13 13 13 13 14 14 14 14 14 14 14 14 11 11 11 11 11 11 11 4 4 4 11 12 12 12 23 23 22 23 20 22 23 22 23 23 21 21 23 15 15 15 16 16 16 16 16 13 13 13 13 13 13 13 13 14 14 14 14 14 14 14 11 11 11 11 11 4 4 12 12 12 11 12 12 12 12 12 22 23 22 23 22 23 22 23 22 20 23 17 17 17 17 17 17 17 17 17 17 17 17 17 17 17 17 17 17 1 1
15 16 16 16 16 16 16 16 16 11 11 13 13 13 13 14 14 14 13 14 14 14 14 11 11 10 11 11 11 11 4 4 3 12 12 12 12 23 21 21 23 22 21 22 22 23 23 21 22 23 16 16 15 16 16 16 16 16 13 13 11 13 11 13 13 13 13 14 14 14 14 14 14 10 11 11 11 11 3 4 12 12 12 12 12 12 12 12 12 22 21 21 21 22 23 21 23 22 22 23 17 17 17 17 16 17 17 14 17 17 17 17 16 16 16 16 17 17 1 1
15 16 16 16 16 16 15 16 16 12 11 12 13 12 13 13 14 14 14 14 14 14 14 11 10 10 9 10 11 11 3 4 2 11 12 11 12 17 16 17 21 18 18 17 17 20 20 18 21 23 14 16 16 16 16 16 16 16 13 12 11 12 12 13 13 13 14 13 14 14 14 14 14 6 10 11 10 11 3 2 12 12 10 12 12 12 12 12 12 19 15 13 12 15 18 19 23 22 20 19 17 17 17 17 17 17 17 17 17 17 17 17 17 17 17 17 17 17 1 1
16 16 16 16 16 16 16 16 16 13 13 13 11 12 13 14 12 14 13 14 14 13 14 11 11 11 11 11 11 11 4 3 3 10 12 12 11 23 22 21 23 22 22 21 20 22 21 20 23 22 16 16 16 16 16 16 16 16 13 12 13 13 13 13 11 13 12 14 13 13 14 14 14 11 11 11 11 11 2 4 12 12 12 10 11 12 12 12 12 22 23 19 23 23 22 23 23 22 14 22 17 17 17 17 17 16 17 17 17 17 17 17 17 16 17 17 17 17 1 1
15 16 16 16 16 16 16 16 16 12 11 12 12 13 13 13 14 14 14 14 14 14 14 11 11 11 11 11 11 11 4 4 4 12 12 12 12 23 21 22 23 20 23 23 23 23 22 23 23 23 15 16 16 16 16 16 16 16 13 12 11 13 12 12 13 13 14 13 14 14 14 14 14 11 11 11 11 11 4 4 12 12 12 12 12 12 12 12 12 22 21 22 23 21 23 22 23 23 23 23 17 17 17 17 15 17 16 14 17 17 17 17 16 15 15 16 17 17 1 1
16 16 16 16 16 16 16 16 16 12 10 13 13 13 13 14 14 14 13 14 14 14 14 11 11 11 11 11 11 11 4 3 3 12 11 12 12 20 22 18 22 22 23 19 18 22 22 19 19 23 16 16 16 16 16 16 16 16 13 13 12 12 11 13 13 13 13 14 14 14 14 14 14 11 11 11 11 11 3 3 11 12 12 12 12 12 12 12 12 21 21 19 20 19 20 18 23 22 19 23 17 17 17 17 17 16 15 15 17 17 17 17 16 16 15 16 17 17 1 1
16 16 16 16 16 16 16 16 16 13 12 13 12 13 13 14 14 14 14 14 14 14 14 11 11 10 11 11 11 11 4 4 4 12 12 12 12 23 22 22 23 22 22 20 21 23 22 23 23 23 16 16 16 16 16 16 16 16 13 13 12 13 12 13 13 13 14 14 14 14 14 14 14 10 11 11 11 11 4 4 12 12 12 12 12 12 12 12 12 22 21 22 21 21 23 22 23 23 22 23 17 17 17 17 13 17 17 17 17 16 17 16 17 15 17 16 16 17 1 1
14 14 15 15 15 16 15 16 16 9 10 13 11 12 13 13 11 13 10 14 14 13 14 11 11 9 11 11 11 10 4 3 2 12 12 10 12 23 20 16 21 21 23 23 23 23 21 21 22 23 10 14 16 16 16 16 16 16 13 12 9 11 12 11 13 13 12 9 12 14 14 13 14 9 10 11 11 11 2 3 12 12 12 11 11 12 12 12 12 18 20 22 20 22 21 22 23 22 21 23 17 17 17 15 15 12 14 13 17 16 17 16 15 12 13 14 17 17 1 1
16 16 16 16 16 16 16 16 16 13 12 13 13 13 13 14 14 14 13 14 14 12 14 11 11 10 11 11 11 11 4 2 3 12 12 12 12 22 21 19 23 17 23 23 22 23 21 21 16 22 16 16 16 16 16 16 16 16 13 13 13 13 12 13 13 13 13 13 14 14 14 14 13 10 11 11 11 11 2 3 12 12 12 12 12 12 12 12 12 21 22 20 22 21 22 21 23 19 19 23 17 17 17 17 17 16 16 17 17 17 17 17 16 17 16 17 17 17 1 1
15 16 16 16 16 16 16 16 16 10 10 13 12 13 13 13 14 14 14 14 14 14 14 11 11 10 11 11 11 11 4 3 4 11 12 10 11 19 21 21 22 20 22 23 23 23 22 21 20 23 15 16 16 16 16 16 16 16 13 11 11 12 11 13 13 13 14 13 14 14 14 14 14 10 11 11 11 11 3 4 12 12 12 11 10 11 12 12 12 22 23 22 21 19 21 19 23 22 21 23 17 17 17 16 16 15 16 16 17 17 17 17 17 16 13 16 17 17 1 1
16 16 16 16 16 16 16 16 16 10 10 13 12 13 13 14 13 14 13 14 14 14 14 10 11 10 8 11 9 9 4 3 4 10 10 11 11 20 20 16 23 19 19 21 20 22 19 19 19 22 16 16 16 16 16 16 16 16 13 11 11 13 11 12 13 13 12 14 14 14 14 14 14 6 9 11 11 11 3 4 11 12 11 10 12 11 11 12 12 11 17 19 19 21 21 21 23 20 18 23 17 17 17 16 17 16 16 14 17 16 17 17 16 16 14 17 17 17 1 1
15 16 16 16 16 16 13 16 16 13 9 13 12 13 13 12 14 14 14 14 14 14 14 11 11 11 10 9 11 11 3 4 4 12 12 12 11 23 22 20 22 21 22 23 19 23 23 20 22 23 15 14 16 16 15 16 16 16 13 11 12 12 13 12 13 13 14 13 13 14 14 14 14 10 10 11 10 11 4 3 12 12 12 11 12 12 12 12 12 17 20 20 22 21 23 19 23 23 22 23 17 17 17 17 17 16 17 16 17 17 17 17 17 17 16 16 16 16 1 1
12 12 15 12 16 15 15 16 16 12 9 12 12 13 13 13 12 14 14 14 14 13 14 10 9 9 8 10 11 11 3 2 2 9 11 12 12 21 15 17 22 17 18 20 20 22 21 19 21 21 13 14 10 13 16 16 15 16 12 13 12 13 12 12 10 13 13 13 12 14 14 14 14 6 8 11 10 11 2 1 12 11 11 11 11 12 12 12 12 16 16 19 16 18 20 18 23 23 20 21 17 17 17 17 17 12 16 15 17 17 16 16 16 14 16 16 17 17 1 1
14 16 16 16 16 16 16 16 16 8 6 9 12 11 13 14 13 14 14 14 14 14 14 7 9 8 8 10 9 11 3 3 3 9 12 12 12 20 21 17 22 18 22 16 21 23 23 21 22 23 15 16 15 16 16 16 16 16 10 8 11 11 10 12 11 12 14 14 14 14 14 13 14 7 9 11 10 11 3 2 12 12 12 11 11 12 12 11 12 20 21 21 18 19 20 20 23 21 21 23 17 17 17 17 17 13 17 14 17 17 17 16 17 15 15 15 17 17 1 1
16 16 16 16 16 16 16 16 16 12 11 12 13 13 13 14 14 14 13 14 14 14 14 11 11 11 11 11 11 11 3 3 3 11 12 7 11 22 21 20 23 17 20 20 20 23 22 23 22 23 16 16 16 16 16 16 16 16 13 13 10 12 13 13 13 13 14 14 14 14 14 13 14 11 11 11 11 11 2 3 12 12 11 9 11 11 12 11 12 21 21 19 21 20 19 23 23 22 19 22 17 17 17 17 17 16 17 16 17 17 17 17 17 17 16 16 17 17 1 1
14 16 15 16 16 16 16 16 16 13 13 13 13 13 13 14 14 14 14 14 14 14 14 10 11 11 10 11 11 11 3 3 4 12 12 12 12 23 21 20 23 20 23 20 21 23 22 22 21 23 14 16 15 16 16 16 16 16 13 13 13 13 13 13 13 13 14 14 14 14 14 14 14 11 11 11 11 11 4 2 12 12 12 12 12 12 12 12 12 17 23 20 21 21 23 22 23 23 22 23 17 17 17 17 17 14 16 16 17 17 17 17 15 15 17 16 17 17 1 1
16 16 16 16 16 16 16 16 16 12 11 13 13 13 13 14 14 14 14 14 14 14 14 11 11 11 11 11 11 11 4 4 3 12 12 11 12 21 22 18 23 22 23 22 23 23 18 20 20 23 16 16 16 16 16 16 16 16 13 13 13 12 11 13 13 13 14 14 14 14 14 14 14 11 11 11 11 11 3 4 12 12 12 12 12 12 12 11 12 18 21 20 22 19 23 23 23 20 20 23 17 17 17 17 16 17 16 16 17 17 17 16 16 17 16 17 17 17 1 1
16 16 16 16 16 16 16 16 16 12 13 13 13 13 13 13 14 14 14 14 14 14 13 11 11 11 11 11 11 10 4 4 4 12 12 12 12 22 23 21 23 23 23 23 23 23 23 22 22 23 16 16 16 16 16 16 16 16 13 13 12 13 13 13 13 13 13 14 14 14 14 14 13 10 11 11 11 11 4 4 12 12 12 12 12 12 12 12 12 23 23 21 23 23 23 23 23 19 22 23 17 16 17 17 17 17 17 15 17 17 17 17 17 17 16 15 17 17 1 1
15 16 16 16 16 16 16 16 16 13 9 11 13 13 13 13 13 14 13 14 14 14 14 11 11 11 11 11 11 11 4 4 4 11 12 11 12 23 23 18 23 22 23 22 23 23 22 21 21 23 15 16 16 16 16 16 16 16 13 13 11 11 13 12 12 13 14 13 14 14 14 13 13 11 11 11 11 11 4 4 12 12 12 12 11 11 12 12 12 21 22 22 23 22 22 21 23 22 20 23 17 16 17 17 17 15 17 16 17 17 17 17 17 17 16 14 17 17 1 1
16 16 16 16 16 16 16 16 16 12 13 13 13 13 13 14 14 14 14 14 14 14 14 11 11 11 11 11 11 11 4 4 3 12 12 12 12 23 23 22 23 22 23 23 22 23 23 23 21 22 16 16 16 16 16 16 16 16 13 13 13 13 12 13 13 13 14 14 14 14 14 14 14 11 11 11 11 11 3 4 11 12 12 12 11 12 12 12 12 23 22 22 23 22 22 23 23 21 23 23 17 17 17 17 17 17 17 17 17 17 17 17 17 17 17 17 17 17 1 1
15 16 16 16 16 16 16 16 16 10 9 13 12 13 13 13 14 14 13 14 14 14 14 11 11 10 11 11 11 11 3 3 3 12 10 10 12 21 20 16 22 18 20 19 21 23 21 23 22 23 16 16 15 16 16 16 16 16 12 11 11 11 12 13 13 13 14 14 14 14 14 13 13 10 11 11 11 11 2 3 11 11 12 12 11 11 12 12 12 19 18 19 20 20 20 20 23 22 21 23 17 15 17 17 16 12 16 11 17 15 17 15 16 13 15 13 17 17 1 1
16 14 16 16 16 16 16 16 16 6 7 10 12 11 13 14 13 14 13 14 14 12 13 8 9 9 10 11 10 10 3 3 2 11 10 10 10 17 16 15 21 19 19 19 18 22 18 19 17 19 16 15 15 16 16 16 16 16 8 9 11 11 10 11 12 13 11 12 14 14 14 14 14 6 9 11 10 11 2 2 12 12 11 11 11 12 12 12 12 17 15 15 16 18 18 19 22 21 17 23 17 17 17 17 17 16 17 17 17 17 17 17 17 17 17 16 17 17 1 1
12 14 15 16 16 16 15 16 16 8 8 6 10 11 13 11 8 14 12 14 14 9 13 8 9 10 11 11 11 10 4 4 3 11 9 10 12 19 19 13 20 20 21 22 21 23 19 19 19 23 13 14 14 16 16 16 15 16 10 8 9 10 10 10 12 13 10 10 11 12 12 13 13 8 8 10 11 11 3 4 11 11 12 10 11 12 12 12 11 15 16 18 17 20 19 20 22 19 21 23 17 15 17 17 15 12 13 15 17 16 17 14 14 14 15 14 17 17 1 1
15 16 16 16 16 16 14 16 16 13 13 13 13 13 13 13 13 14 13 14 14 14 14 10 11 10 11 11 11 9 4 3 3 12 12 12 12 18 21 12 18 21 23 19 20 23 23 23 23 23 15 15 15 16 16 16 16 16 13 13 13 13 13 13 13 13 13 13 14 14 14 13 14 10 9 11 11 10 2 4 12 12 12 12 12 12 12 12 12 21 19 20 20 20 22 20 23 21 21 22 17 17 17 17 17 16 16 16 17 17 17 17 17 15 17 16 17 17 1 1
13 16 15 16 16 16 14 16 16 10 8 8 12 13 13 12 14 14 14 14 14 14 14 11 11 11 11 11 11 11 4 3 3 12 11 12 10 21 19 14 20 19 21 18 20 22 19 23 18 23 14 14 14 16 16 16 16 16 12 9 10 11 11 12 12 13 14 14 14 14 14 13 13 11 11 11 11 11 3 3 11 11 12 12 11 12 12 10 12 11 20 18 19 20 21 22 23 20 21 22 17 17 17 17 17 13 16 15 17 16 17 16 16 16 16 15 17 17 1 1
14 16 16 16 16 16 16 16 16 13 8 11 13 13 13 14 14 14 14 14 14 14 14 11 11 11 11 11 11 11 4 3 4 12 11 12 12 21 20 22 22 18 21 21 21 22 23 22 23 22 15 15 16 16 16 16 16 16 12 11 12 12 12 12 13 13 14 14 14 14 14 14 14 11 11 11 11 11 4 3 12 12 12 12 12 12 11 12 12 22 19 20 20 19 21 22 23 23 22 23 17 17 17 17 17 16 17 17 17 17 17 17 17 16 17 17 17 17 1 1
14 15 15 16 16 16 14 16 16 10 10 13 13 13 13 13 13 14 14 14 14 14 14 7 10 10 9 10 10 11 4 4 2 11 12 11 12 18 17 15 23 18 20 21 20 22 23 21 22 23 13 13 16 16 16 16 16 16 13 11 11 13 13 11 13 13 13 13 14 14 14 14 14 8 9 10 11 11 3 3 12 12 12 11 11 12 12 12 12 13 17 16 19 20 20 21 23 23 21 22 17 17 17 17 16 13 16 16 17 17 17 17 16 15 16 14 17 17 1 1
15 16 16 16 16 16 15 16 16 13 13 13 13 13 13 14 14 14 14 14 14 14 14 11 11 10 11 11 11 11 4 4 3 11 12 11 12 20 22 23 23 23 22 23 23 23 23 20 22 23 15 16 15 16 16 16 16 16 13 13 13 13 13 13 13 13 14 14 14 14 14 14 14 10 11 11 11 11 3 4 12 12 12 12 10 12 12 12 12 23 23 22 23 21 22 23 23 19 20 23 17 16 17 17 17 17 17 16 17 17 17 17 17 16 17 16 17 17 1 1
16 16 16 16 16 16 16 16 16 12 10 12 13 13 13 13 14 14 13 14 14 14 14 11 11 11 11 11 11 11 4 4 4 12 12 12 12 23 20 20 23 20 23 22 22 23 23 21 23 23 16 16 16 16 16 16 16 16 13 12 13 12 11 12 13 13 14 13 14 14 14 14 13 11 11 11 11 11 4 4 12 12 12 12 12 12 12 12 12 23 21 22 21 19 22 22 23 23 21 23 17 17 17 16 16 13 14 14 17 17 16 16 14 13 16 15 17 17 1 1
15 15 16 16 16 16 16 16 16 10 10 9 11 13 13 14 13 14 12 14 14 13 14 11 9 10 11 11 11 11 4 2 2 12 12 11 12 20 20 16 23 16 19 20 18 23 22 23 22 23 15 16 15 16 16 16 16 16 13 11 10 10 12 10 13 13 12 12 14 14 14 14 14 10 9 11 11 11 2 2 12 12 12 11 12 12 12 12 12 16 19 17 18 19 23 21 23 21 20 22 17 17 17 17 16 13 16 15 17 16 17 17 16 15 15 15 17 17 1 1
12 14 16 16 16 16 16 16 16 6 7 7 9 12 13 12 8 14 11 14 14 10 14 8 8 8 9 10 10 10 3 2 2 12 9 12 11 15 14 14 23 14 17 19 19 21 19 19 21 22 14 14 15 16 16 16 15 16 9 8 9 9 11 10 12 12 11 10 12 13 14 10 13 5 7 10 11 10 2 1 11 12 12 11 12 12 10 12 12 16 13 13 14 12 18 21 22 20 18 18 17 16 16 15 14 13 15 15 17 17 17 16 16 12 15 11 17 17 1 1
12 15 16 16 16 16 13 16 16 13 11 13 13 13 13 14 13 14 13 14 14 14 14 11 11 11 11 11 11 11 4 3 4 12 12 12 12 22 21 18 23 18 22 20 23 22 22 22 21 23 14 15 13 16 15 15 16 16 13 12 12 13 13 13 13 13 12 14 14 14 14 14 14 11 11 11 11 11 3 4 12 12 12 12 12 12 12 12 12 20 21 19 22 20 23 23 23 22 21 23 17 17 17 17 17 16 16 15 17 17 17 17 17 16 16 15 17 17 1 1
16 16 16 16 16 16 15 16 16 13 11 13 13 13 13 13 14 14 14 14 14 14 14 11 11 10 11 11 11 11 4 3 2 11 12 11 11 21 21 17 23 23 23 23 22 23 23 22 23 23 15 16 16 16 16 16 16 16 13 12 13 13 12 13 13 13 14 13 14 14 14 14 14 10 11 11 11 11 2 3 12 12 12 11 10 12 12 12 12 22 22 20 21 20 22 22 23 22 22 23 17 17 17 17 17 16 17 17 17 17 17 17 17 17 17 17 17 16 1 1
13 15 15 16 16 16 14 16 16 9 7 10 11 13 13 13 12 14 13 14 14 14 14 10 9 10 10 11 11 11 4 3 2 9 11 10 10 17 16 15 20 19 20 18 19 23 16 18 18 22 13 16 13 15 16 16 16 16 11 9 11 11 12 11 11 13 12 13 14 14 14 13 14 11 8 11 10 10 2 3 12 12 10 12 10 11 12 11 12 14 17 17 15 18 19 15 20 20 20 22 17 17 17 17 16 12 16 14 17 17 17 16 15 15 16 13 17 17 1 1
11 15 16 15 16 16 13 16 16 13 13 12 12 13 13 14 10 14 13 14 14 13 14 11 11 10 10 11 11 11 3 2 4 12 12 12 12 22 22 20 23 18 20 20 19 23 19 20 19 23 13 13 15 15 15 16 15 16 13 13 13 13 13 13 11 13 12 13 12 13 14 14 14 10 10 11 11 11 3 2 12 12 12 12 12 12 12 12 12 16 18 18 22 20 23 21 23 22 19 22 17 17 17 16 16 15 15 16 17 17 17 17 16 13 17 15 17 17 1 1
16 15 15 16 16 16 16 16 16 9 8 10 13 13 13 13 12 14 12 14 14 13 14 11 10 9 10 11 11 11 4 4 3 11 10 11 9 17 19 18 22 18 20 22 19 23 19 22 23 23 16 14 16 16 16 16 16 16 13 10 10 10 11 12 13 13 10 14 14 14 14 12 14 8 10 11 11 11 4 3 11 11 10 11 10 12 12 12 12 16 18 16 15 17 23 20 23 23 22 22 17 17 17 17 17 17 17 16 17 17 17 17 16 17 17 17 17 17 1 1
13 15 15 15 16 16 15 16 16 9 11 7 11 13 13 13 9 14 11 14 14 12 12 7 11 9 9 9 11 9 3 2 3 12 11 9 10 18 18 13 21 16 20 15 18 21 20 20 14 23 13 14 15 16 16 16 15 16 11 11 11 11 11 11 12 12 11 11 12 12 14 12 13 6 8 10 11 10 2 2 12 11 11 10 10 12 12 12 12 17 15 20 19 19 17 18 21 19 15 21 17 16 17 17 16 15 13 14 17 17 17 16 15 12 15 16 17 17 1 1
12 14 15 16 16 16 14 16 16 13 13 13 12 13 13 13 13 14 13 14 14 14 14 11 11 11 10 11 11 11 3 3 3 12 12 12 12 22 22 23 23 21 22 22 21 23 23 23 23 23 12 14 14 16 16 15 16 16 12 13 13 13 13 13 13 13 12 13 14 14 14 14 14 10 11 11 11 11 2 3 12 12 12 12 12 12 12 12 12 22 22 18 23 22 23 23 23 22 22 23 17 17 17 17 16 15 14 15 17 17 17 17 16 15 14 15 17 17 1 1
14 15 15 16 15 16 13 16 16 12 9 10 7 13 13 9 12 14 13 14 14 14 14 10 10 8 10 9 11 11 3 3 2 12 12 11 12 16 14 15 22 15 18 20 19 22 19 20 22 23 15 15 11 16 16 16 15 16 10 10 9 11 13 12 12 13 12 13 13 14 14 13 11 6 9 10 10 10 2 2 11 12 12 12 11 12 12 11 12 15 18 12 15 18 20 20 23 20 14 22 17 16 17 17 17 16 16 14 17 17 17 17 16 16 16 14 17 17 1 1
13 14 14 15 16 16 12 16 16 10 8 9 10 12 13 13 9 14 13 14 14 13 14 10 10 9 8 10 10 10 3 3 2 12 11 10 10 21 20 13 22 19 20 22 20 23 20 21 16 16 11 14 13 16 14 16 16 16 12 10 8 11 11 11 12 13 13 10 13 14 14 13 13 8 6 11 11 11 2 2 11 12 11 10 11 12 12 12 12 20 20 19 19 17 18 18 23 22 18 23 17 16 16 17 17 15 15 16 17 17 17 17 14 16 17 14 17 17 1 1
13 16 12 16 16 16 15 16 16 9 10 12 12 13 13 11 11 14 14 14 14 13 14 11 11 9 8 11 11 11 4 4 2 12 11 12 12 21 19 13 21 19 22 22 19 23 21 20 21 23 13 14 14 16 16 15 16 16 13 11 11 11 11 12 13 13 14 11 13 14 14 12 13 9 9 11 10 11 3 3 11 12 12 12 12 11 11 12 12 21 20 18 17 17 20 20 22 19 22 22 17 16 17 17 17 14 15 15 17 17 17 17 13 16 17 15 17 16 1 1
15 15 16 16 16 16 14 16 16 10 10 13 13 13 13 12 14 14 14 14 14 14 14 11 11 11 11 11 11 11 4 3 2 11 12 12 12 22 22 20 21 20 23 23 23 23 22 20 22 23 14 15 15 16 16 16 16 16 13 13 11 11 11 13 13 13 14 13 13 14 14 14 14 11 11 11 11 11 3 2 12 12 12 12 11 12 12 12 12 23 21 19 23 21 22 22 22 19 22 22 17 17 17 17 17 15 16 16 17 17 17 17 17 16 16 15 17 17 1 1
16 13 16 16 16 16 14 16 16 13 13 13 13 13 13 11 14 14 11 14 14 14 14 11 11 11 11 11 11 11 4 3 3 10 10 12 12 23 21 22 21 21 21 22 19 23 21 23 22 23 15 14 14 16 16 16 16 16 13 13 13 13 13 13 13 13 13 13 12 14 14 14 12 11 11 11 11 11 2 4 10 11 12 12 11 12 12 12 12 17 18 23 21 22 23 23 23 22 21 23 17 17 17 17 17 17 17 16 17 17 17 17 17 16 17 17 17 17 1 1
16 16 16 16 16 16 15 16 16 9 9 13 10 12 13 10 13 14 12 14 14 13 14 11 9 8 8 9 11 10 4 4 2 12 11 11 11 19 18 16 23 19 19 22 21 23 21 18 21 22 16 15 16 16 16 16 16 16 12 11 9 11 11 12 13 13 12 12 13 14 14 11 14 8 6 9 10 11 3 3 11 12 12 12 10 11 11 12 12 21 15 21 17 18 18 21 23 19 20 23 17 17 17 17 17 15 16 16 17 17 17 17 15 17 17 15 17 17 1 1
16 16 16 16 16 16 16 16 16 11 9 10 11 13 13 13 14 14 14 14 14 14 14 11 11 11 10 11 10 11 4 4 3 12 12 12 12 19 22 21 23 21 21 22 19 23 21 21 22 23 16 16 16 16 16 16 16 16 13 10 11 10 10 13 13 13 14 14 14 14 14 14 13 11 11 11 11 11 3 4 12 12 12 12 12 12 12 12 12 23 21 17 21 20 21 22 23 20 21 23 17 17 17 17 17 17 17 17 17 17 17 17 17 17 17 17 17 17 1 1
15 16 16 16 16 16 15 16 16 9 9 13 12 13 13 14 13 14 13 14 14 14 14 10 11 11 11 11 10 11 3 4 3 11 12 12 12 22 18 19 23 21 22 21 20 23 17 20 20 22 14 16 16 16 16 16 16 16 11 10 11 13 11 13 13 13 12 14 14 14 14 14 14 9 11 11 11 11 3 3 12 12 12 12 11 12 12 12 12 18 18 17 19 22 22 23 23 21 20 23 17 16 17 15 16 13 13 14 17 16 17 15 15 13 14 14 17 17 1 1
