57.8833
57.5833
55.05
57.55
58.3167
56.4333
57.6833
57.1333
56.9167
57.3667
56.8833
57.5667
57.5333
57.45
57.9667
57.5
57.6667
57.65
57.95
57.2167
58.0833
58.4667
54.6
57.85
57.3333
57.8667
57.9333
56.6167
57.95
57.8
57.05
57.8333
58.0667
56.8
57.3833
57.5667
57.2667
57.5333
56.4833
57.3
57.6
56.5667
57.2333
57.6833
56.8333
57.6333
58.1333
56.4667
57.9167
57.8167
57.8833
56.8667
56.3333
57.65
57.1167
56.4
58.4
57.5333
57.4333
56.9667
57.9833
55.8167
56.45
57.3833
56.5
57.7333
58.1833
56.3333
58.5333
56.65
56.2833
57.1333
58.05
57.8833
57.0833
57.6
57.1333
