0.890056
0.892997
0.830112
0.920308
0.913165
0.89944
0.8993
0.863445
0.857983
0.914986
0.886415
0.921429
0.907143
0.890616
0.917507
0.885014
0.880812
0.921008
0.92423
0.834174
0.935014
0.918768
0.815406
0.904062
0.902101
0.908543
0.926751
0.914706
0.922409
0.881793
0.814006
0.944818
0.931232
0.853361
0.9007
0.920728
0.896359
0.921008
0.858964
0.90098
0.904062
0.866807
0.908543
0.838375
0.848319
0.910364
0.922689
0.897899
0.936415
0.906022
0.936695
0.868908
0.821289
0.815966
0.884034
0.869328
0.917227
0.864006
0.919188
0.898739
0.867507
0.772969
0.891176
0.923669
0.82437
0.880112
0.884594
0.813025
0.92521
0.82493
0.82479
0.852241
0.910784
0.916106
0.842997
0.912885
0.891176
