0.0643172
0.0584436
0.0612339
0.0636483
0.0658333
0.0602372
0.0592186
0.0632983
0.0656142
0.0676345
0.0648895
0.0630525
0.0614828
0.0583224
0.0662943
0.0606531
0.0599911
0.066387
0.0642998
0.063372
0.0669951
0.0654613
0.0530678
0.0659345
0.070883
0.0635704
0.058355
0.0650885
0.065151
0.0643598
0.0638042
0.0673069
0.0660922
0.0645349
0.066679
0.0624229
0.0618604
0.0606676
0.0616752
0.0601808
0.0624093
0.0629198
0.0622002
0.0616544
0.0623103
0.0652949
0.0655774
0.0607815
0.0629955
0.0617709
0.0668191
0.0621305
0.063902
0.0626181
0.0614636
0.0633863
0.065937
0.0612654
0.0676416
0.0639467
0.0595294
0.0521383
0.0619352
0.0648089
0.055796
0.0632011
0.0651946
0.061535
0.0627219
0.062828
0.0602835
0.0656965
0.057389
0.0617593
0.0620782
0.0644221
0.0584337
