0.475845
0.469687
0.497922
0.452594
0.493587
0.426305
0.476961
0.490561
0.470857
0.45352
0.447227
0.460984
0.470234
0.485332
0.478264
0.483145
0.487616
0.464237
0.463395
0.458153
0.482255
0.475875
0.523581
0.483654
0.489008
0.501198
0.457166
0.448308
0.480242
0.489822
0.499813
0.459384
0.486456
0.483788
0.466586
0.47924
0.475059
0.454878
0.473362
0.467651
0.473289
0.468663
0.444271
0.475273
0.47588
0.50948
0.466662
0.442104
0.456112
0.469454
0.462816
0.469899
0.487291
0.499967
0.473576
0.483023
0.476911
0.475493
0.474032
0.441386
0.486651
0.476194
0.459221
0.444212
0.515585
0.476212
0.480594
0.5174
0.462796
0.481872
0.484473
0.480812
0.473519
0.467636
0.481832
0.473198
0.471722
