0.481796
0.479123
0.498556
0.452594
0.48808
0.414458
0.476961
0.493736
0.483713
0.455201
0.472788
0.451905
0.478041
0.491663
0.477177
0.482006
0.487655
0.465126
0.463547
0.473456
0.482289
0.469924
0.524097
0.48262
0.479867
0.50263
0.43925
0.447864
0.481752
0.486565
0.494875
0.461074
0.469915
0.48489
0.466508
0.474464
0.471265
0.460867
0.475047
0.462968
0.479091
0.466211
0.429642
0.464601
0.481556
0.510638
0.468149
0.442145
0.46809
0.475055
0.470333
0.483412
0.485249
0.502584
0.473629
0.470598
0.469747
0.473534
0.482397
0.456465
0.488479
0.482597
0.459221
0.443542
0.500627
0.479011
0.479155
0.518286
0.456076
0.462106
0.479984
0.482162
0.478129
0.47007
0.47612
0.462265
0.470478
