0.727883
0.729937
0.728043
0.727503
0.733954
0.727359
0.72761
0.724814
0.724458
0.725992
0.72916
0.730519
0.731937
0.724131
0.725783
0.729669
0.736172
0.728786
0.74029
0.731103
0.736614
0.745342
0.724979
0.737212
0.732487
0.727414
0.73293
0.733428
0.735293
0.73191
0.722349
0.738517
0.723939
0.74028
0.738045
0.72457
0.734552
0.721847
0.724027
0.734075
0.728353
0.708516
0.73216
0.743732
0.726767
0.741609
0.736344
0.721934
0.720963
0.739042
0.725394
0.718225
0.723239
0.726698
0.722991
0.727752
0.739253
0.728373
0.722655
0.736824
0.730676
0.719787
0.733075
0.738666
0.716493
0.738718
0.740417
0.734885
0.752827
0.712471
0.717446
0.725863
0.738707
0.72891
0.727185
0.724677
0.729063
