4.63778
3.53778
3.31208
3.21858
3.7529
2.77026
4.46858
4.72913
3.53491
4.09258
4.78911
3.75418
3.74542
4.08226
4.41658
3.40376
3.87831
4.27401
4.41541
3.42863
3.44375
3.04959
2.3651
4.66803
3.5703
4.16492
3.84023
3.49305
4.2278
3.94978
3.78646
4.23197
3.51772
2.85283
3.94496
3.96349
3.25203
4.33576
4.44067
3.75402
3.90126
3.41487
3.15724
3.07324
3.40384
3.46034
4.82677
3.33207
4.21883
3.30077
4.03899
3.27866
3.37682
4.24002
3.90346
3.92244
4.25688
3.90098
5.06294
3.59069
3.68914
3.15177
2.97778
3.52998
4.20537
3.22875
4.00242
3.18359
3.58423
3.39917
3.89676
4.10688
4.667
4.58635
3.84002
3.54423
3.56205
