19.8928
17.8158
17.1477
17.3557
17.7962
19.1187
19.6274
18.7172
18.4777
20.7109
18.1325
20.1732
18.3664
18.09
20.2129
18.2408
18.112
18.4569
19.1578
18.203
18.7701
18.141
16.7714
19.5809
17.4515
20.1659
20.6294
18.8619
18.6872
20.0273
18.5109
19.463
18.6401
16.1562
17.8535
18.7583
19.3771
18.6718
19.1628
19.048
19.5553
17.4168
19.0605
18.3549
17.9399
19.7491
19.3118
17.254
19.0612
17.9387
19.6104
19.0243
17.0162
18.3357
19.6883
18.0492
19.7813
19.1196
20.1241
17.6365
17.6534
16.8779
17.1214
19.6447
17.2065
19.2721
19.2026
18.2214
20.3915
17.296
17.1852
18.0319
19.0242
20.8734
18.4442
17.6271
19.3142
