4.26413
3.68013
4.51459
4.18059
3.81175
5.04307
3.82139
3.68384
3.99307
4.7522
3.91764
4.92412
3.94673
3.82757
4.95042
3.85366
3.70716
4.29468
4.36343
4.25786
4.02846
3.71965
2.86267
4.04729
3.43999
4.33667
4.56378
5.06781
4.19658
3.99288
3.42328
4.15931
4.91349
4.21314
3.78568
3.57522
4.53648
4.70675
3.72641
4.12655
4.28523
4.30857
4.79166
3.39235
4.35835
3.62225
4.18454
5.0084
4.76118
3.76415
4.92114
4.39947
4.24269
4.20687
4.26746
4.28665
4.29598
4.12341
4.85294
4.23927
2.96953
3.43914
4.82162
5.46306
3.40505
3.51793
3.79581
3.11047
3.81469
3.96484
3.22594
4.36017
3.4923
4.18908
4.38074
4.50981
4.51953
