28.7948
25.0337
24.9744
24.7548
25.3609
26.9321
27.9174
27.1301
26.0056
29.5557
26.8393
28.8515
26.0585
25.9998
29.5799
25.4982
25.6975
27.0256
27.9366
25.8895
26.2423
24.9103
21.9991
28.2963
24.4618
28.6675
29.0334
27.4228
27.1115
27.97
25.7206
27.8543
27.0713
23.2222
25.5841
26.297
27.1656
27.7143
27.3299
26.9285
27.7418
25.1402
27.0094
24.8205
25.7021
26.8317
28.3231
25.5945
28.0413
25.0036
28.5705
26.7024
24.6357
26.7826
27.8592
26.2583
28.3342
27.1439
30.04
25.4664
24.312
23.4688
24.9208
28.6378
24.8169
26.0188
27.0009
24.5154
27.7904
24.66
24.3079
26.4989
27.1835
29.6488
26.665
25.6811
27.3958
