24.157
21.496
21.6623
21.5363
21.608
24.1618
23.4488
22.401
22.4707
25.4631
22.0502
25.0973
22.3131
21.9175
25.1633
22.0944
21.8192
22.7516
23.5212
22.4609
22.7986
21.8607
19.634
23.6282
20.8915
24.5026
25.1932
23.9297
22.8837
24.0202
21.9342
23.6223
23.5535
20.3694
21.6392
22.3335
23.9136
23.3785
22.8892
23.1745
23.8405
21.7254
23.8522
21.7472
22.2983
23.3714
23.4963
22.2624
23.8224
21.7028
24.5315
23.4237
21.2589
22.5426
23.9557
22.3359
24.0773
23.243
24.9771
21.8757
20.6229
20.317
21.943
25.1078
20.6116
22.79
22.9984
21.3319
24.2062
21.2608
20.4112
22.392
22.5165
25.0625
22.825
22.1369
23.8337
