-0.0174463
-0.0234228
-0.0154136
-0.0153717
-0.0146603
-0.0148937
-0.0215392
-0.0178103
-0.0215118
-0.0131874
-0.020406
-0.0147749
-0.0136869
-0.0145652
-0.01628
-0.0176343
-0.0146735
-0.0195524
-0.0135698
-0.0141122
-0.0238581
-0.0164641
-0.0260874
-0.0206723
-0.0121132
-0.0176967
-0.0202309
-0.0181191
-0.0192625
-0.0216409
-0.0169917
-0.0190145
-0.0188004
-0.0176177
-0.0172157
-0.0197505
-0.0150906
-0.018896
-0.0229249
-0.0211653
-0.0223285
-0.00914896
-0.0171089
-0.0210066
-0.0136479
-0.0186362
-0.0158756
-0.0260836
-0.021254
-0.0249748
-0.0214029
-0.0207054
-0.0177008
-0.0213308
-0.0210992
-0.0168387
-0.0199855
-0.0213888
-0.0177325
-0.0160301
-0.0220224
-0.0161218
-0.0147974
-0.0227866
-0.0227966
-0.0152694
-0.0125773
-0.0183655
-0.0148527
-0.0146601
-0.01468
-0.0128946
-0.0159527
-0.0158242
-0.0178202
-0.0116572
