0.0007734
0.000765953
0.000791018
0.000800349
0.000752767
0.000864129
0.00076884
0.000788684
0.000872482
0.000833756
0.000837395
0.000871838
0.000774593
0.000794927
0.000787816
0.000816074
0.000783547
0.000846416
0.000889766
0.000917548
0.000841914
0.000847762
0.000794607
0.000761074
0.000735331
0.000858199
0.000865412
0.00076305
0.000784614
0.000830118
0.00079141
0.000815286
0.000804584
0.0008243
0.000825266
0.00086053
0.000827722
0.000852322
0.000835588
0.000780286
0.000794506
0.000814951
0.000888134
0.000825361
0.000775581
0.000820685
0.000801061
0.000925477
0.000835949
0.000816087
0.000893069
0.000869192
0.000826693
0.000793219
0.000796717
0.000744382
0.000787161
0.000848375
0.000850346
0.000728924
0.00093869
0.000815444
0.00085128
0.00084427
0.000817399
0.000785673
0.000793556
0.00079595
0.000856994
0.000772504
0.000841912
0.000858719
0.000788462
0.000851718
0.000819638
0.00081103
