0.0156209
0.0147965
0.0165044
0.0141539
0.0143662
0.0146895
0.0156931
0.0148503
0.0138194
0.0151104
0.0161731
0.0137301
0.0167012
0.0133713
0.0158446
0.0157625
0.0135881
0.017601
0.0137949
0.0160463
0.0158961
0.0131381
0.0141724
0.0151592
0.014929
0.0133812
0.0143469
0.0139859
0.0155955
0.0164754
0.0149361
0.0144942
0.0154259
0.0172771
0.0149761
0.0145557
0.0156433
0.0165672
0.0151984
0.0151703
0.0162204
0.0170499
0.0133731
0.0154813
0.0152883
0.0152625
0.0129169
0.0161871
0.0149179
0.0148905
0.0161626
0.0151791
0.0140023
0.0151157
0.0132459
0.0143269
0.0144332
0.0139842
0.0159627
0.0150514
0.0194616
0.0155829
0.0154691
0.0149045
0.015146
0.014826
0.0152366
0.013305
0.0157589
0.0138527
0.0126055
0.0158929
0.0144534
0.0151878
0.01461
0.0146421
