35 46 23 32 32 38 37 50 49 41 30 33 30 40 56 51 42 59 28 59 57 45 52 41 50 41 51 54 58 54 39 43 44 56 52 58 58 48 30 17 51 37 47 35 41 55 52 53 49 59 43 41 51 40 46 44 56 50 47 19 28 28 21 48 55 59 56 51 56 57 58 42 41 36 35 47 56 61 50 44 47 57 44 41 57 45 57 57 58 51 45 37 42 33 40 48 61 56 53 59 59 51 56 57 47 31 39 44 59 59 58 55 50 23 38 44 60 54 57 61
23 37 33 33 40 40 43 48 47 50 37 26 27 48 55 47 34 56 33 58 57 41 43 31 53 30 50 55 59 55 35 37 35 53 47 49 58 39 36 22 50 32 47 46 47 57 53 50 46 58 34 31 39 38 32 44 43 48 53 33 30 22 33 40 54 55 50 33 57 61 60 37 49 32 42 56 61 55 40 44 42 51 42 42 47 48 57 52 60 42 42 42 52 28 36 47 55 49 46 59 59 48 58 55 46 26 19 43 59 59 61 59 56 40 26 52 60 58 54 55
14 34 33 36 45 46 41 44 46 40 28 22 24 38 54 49 25 54 37 56 55 33 52 41 49 33 37 51 57 53 36 45 46 55 37 51 57 45 40 29 52 35 37 37 40 47 42 45 49 58 32 31 41 47 44 49 36 41 33 34 25 24 17 38 52 54 37 33 52 58 58 40 47 20 35 53 57 55 42 50 48 46 52 46 50 43 57 52 58 45 48 38 36 43 40 46 54 50 53 59 59 42 57 52 53 30 23 16 59 59 56 52 56 26 27 26 60 56 58 60
37 43 40 30 44 52 48 50 51 52 46 45 45 55 59 56 51 58 56 58 58 51 56 50 58 48 49 54 57 56 37 53 55 55 52 56 56 52 52 44 58 38 54 43 45 57 53 52 54 58 48 40 57 39 43 52 55 53 52 47 44 45 47 49 56 57 59 55 58 60 60 57 60 53 55 58 60 61 49 57 56 59 47 43 48 58 60 56 61 58 55 48 58 39 37 46 54 59 56 61 59 56 59 58 58 41 42 55 59 59 60 60 59 43 46 51 59 58 59 61
36 39 36 31 42 48 36 50 46 54 47 50 37 49 57 52 51 57 47 59 59 42 52 51 57 46 33 52 58 48 40 52 52 57 48 56 57 49 52 44 55 26 46 36 41 48 47 52 53 59 39 37 51 28 43 50 54 43 53 47 37 38 31 50 55 56 56 51 60 57 57 50 55 45 56 54 58 58 43 55 51 59 46 48 48 55 57 56 58 47 47 46 55 35 41 49 56 55 54 55 59 54 59 54 56 40 22 58 59 59 61 58 52 41 46 57 59 51 59 61
36 48 40 48 51 46 52 55 52 54 32 47 43 57 59 56 45 58 56 59 59 46 54 53 59 43 52 50 57 53 46 53 58 58 49 57 59 57 50 45 58 42 47 39 49 54 45 49 55 59 44 38 56 40 42 43 56 48 56 45 36 42 41 54 60 58 59 54 60 61 61 53 57 58 58 57 57 59 49 58 60 57 53 46 50 55 59 56 61 55 59 48 56 52 48 52 56 56 53 60 59 53 59 59 58 50 37 53 59 59 61 60 54 48 43 53 61 61 59 61
30 31 27 31 36 43 36 47 53 55 48 50 42 55 59 51 56 57 54 59 58 48 55 55 56 50 52 55 59 58 50 47 48 57 53 50 56 41 48 37 57 32 48 50 45 55 55 52 54 59 44 42 53 34 35 47 50 50 56 40 36 37 41 52 53 57 57 44 59 59 60 51 54 49 52 55 59 59 57 47 54 60 46 51 53 54 57 60 61 50 45 45 54 35 49 54 61 57 56 60 59 54 58 59 54 43 36 55 59 59 61 60 59 42 50 57 61 53 59 61
46 43 37 35 50 49 44 55 55 50 41 41 33 48 58 52 41 59 39 58 57 48 53 57 51 40 47 51 56 54 43 37 51 58 47 56 57 47 41 33 57 35 46 45 45 53 49 49 58 58 32 36 53 42 39 45 54 54 56 37 30 28 27 36 55 58 58 49 60 61 60 47 55 53 56 57 58 61 53 49 60 60 49 40 52 60 57 60 61 50 53 43 51 28 51 51 59 59 54 60 58 48 57 57 54 41 32 54 59 59 61 60 55 34 46 42 60 55 59 61
34 43 32 46 43 47 45 49 43 54 41 48 49 55 57 57 53 59 52 59 58 51 57 59 59 46 50 56 57 57 48 50 55 58 52 55 59 52 51 49 59 39 51 50 49 57 53 53 46 59 41 44 59 42 35 48 54 51 56 48 45 43 37 53 54 58 60 46 61 61 61 50 56 55 58 58 59 60 48 56 57 61 49 48 53 51 61 55 61 55 57 51 57 42 51 54 61 54 58 61 59 57 59 58 54 35 40 51 59 59 61 59 59 41 39 55 61 60 58 61
35 24 30 37 42 50 44 52 54 54 25 39 38 54 59 49 45 58 51 59 59 46 55 47 53 40 48 53 59 56 49 46 48 56 37 57 56 47 43 36 56 43 44 46 52 55 48 46 58 59 36 37 45 38 44 51 52 51 55 40 36 33 28 48 56 60 59 44 57 61 61 49 52 50 49 50 61 57 50 53 54 58 43 41 51 52 55 56 61 53 47 39 52 38 43 43 56 53 51 58 59 54 58 57 52 41 33 32 59 59 61 57 58 41 53 45 60 57 59 61
42 41 47 31 39 46 52 55 52 49 26 31 30 44 57 52 40 58 32 59 58 33 50 45 54 31 38 51 58 54 38 42 51 56 35 56 58 45 50 51 56 29 40 39 42 55 39 46 51 58 41 40 47 40 40 45 44 40 50 42 33 27 23 41 53 57 49 41 48 57 61 47 31 44 52 58 59 56 54 52 49 51 55 45 47 45 58 60 61 47 49 42 50 38 48 56 59 50 52 58 59 54 59 57 57 38 29 58 59 59 61 61 54 39 41 49 61 61 59 61
27 42 34 43 42 40 46 49 51 54 37 48 46 51 58 51 48 58 30 59 59 48 57 56 56 47 48 55 55 56 41 53 53 58 52 51 59 53 47 40 56 33 46 42 46 56 54 52 51 59 39 43 57 46 39 43 51 57 51 45 37 42 40 46 55 56 54 44 54 61 61 50 53 42 52 58 58 57 50 56 54 59 51 45 53 54 60 54 61 55 53 52 53 38 48 48 56 54 54 61 59 56 59 57 58 44 35 57 59 59 60 59 59 48 34 54 61 59 59 61
31 45 37 40 40 35 46 51 44 51 39 43 36 50 56 55 48 56 38 56 54 50 42 51 55 40 44 50 59 51 44 48 52 57 48 53 59 49 49 42 58 40 41 41 47 44 47 41 49 57 37 36 46 37 35 49 45 54 52 36 36 30 27 29 56 59 56 35 58 60 61 46 46 48 53 56 60 58 49 44 53 61 47 41 51 50 57 56 60 59 50 40 55 40 41 52 53 50 55 60 59 49 59 54 45 43 27 36 59 59 60 60 56 45 42 42 60 56 58 61
31 50 31 44 41 38 55 59 52 58 43 48 51 54 58 59 54 59 56 59 59 52 56 55 58 50 52 56 59 58 46 58 56 57 54 58 59 54 53 47 57 46 50 39 49 57 51 54 49 59 50 41 55 45 40 40 49 50 61 56 51 49 44 56 58 59 59 45 58 61 61 55 56 57 54 59 60 58 51 61 59 61 52 53 50 56 61 56 61 57 59 53 60 42 47 51 56 54 53 61 59 53 59 56 55 46 41 40 59 59 61 61 60 48 42 45 60 55 59 61
39 37 27 33 34 39 44 45 42 53 45 41 40 52 57 55 32 56 41 57 57 47 57 47 56 47 49 52 56 57 38 48 49 55 45 53 58 55 51 41 53 32 42 38 40 53 50 55 49 59 35 34 48 39 39 43 50 48 54 43 37 38 42 47 57 60 59 53 58 58 61 52 53 41 54 54 59 59 30 53 52 58 37 39 50 52 59 56 61 49 48 49 55 33 38 38 54 51 56 60 59 50 57 57 55 28 23 38 59 59 61 58 50 20 35 47 61 56 59 61
35 38 40 36 45 53 47 54 57 42 33 46 28 47 58 52 48 59 39 59 59 41 55 53 53 42 52 56 56 56 37 44 44 51 54 57 58 47 48 40 50 39 45 45 48 55 51 54 54 59 37 30 44 39 45 51 51 55 58 39 35 31 32 47 60 61 57 51 57 59 60 48 48 47 53 57 61 54 49 51 54 50 56 48 54 53 60 54 60 29 52 54 56 41 42 53 57 52 55 61 59 54 58 54 55 34 27 53 59 59 61 61 60 47 38 49 60 46 59 60
35 41 42 39 47 55 46 56 59 54 41 42 33 51 58 48 41 59 28 58 59 42 54 55 53 35 37 51 59 53 43 53 50 57 36 57 58 52 50 48 59 28 42 40 46 49 47 46 57 59 38 42 52 44 41 49 43 50 52 30 34 35 24 44 56 60 48 44 60 57 61 55 55 40 47 57 60 57 51 53 52 55 55 56 53 54 57 55 60 47 49 49 53 38 57 49 60 55 53 57 59 51 58 55 57 46 36 54 59 59 61 59 57 45 37 59 61 57 58 61
16 39 30 45 42 47 42 52 53 47 37 30 28 52 58 45 44 56 50 57 57 42 55 52 53 38 45 58 56 56 49 47 47 55 48 54 59 49 41 21 55 32 48 44 47 59 46 51 54 55 45 43 55 51 46 53 52 51 47 28 27 22 29 39 55 55 53 47 60 60 60 38 55 47 49 49 57 59 44 52 56 58 49 41 51 47 58 59 60 57 54 43 43 33 36 49 60 50 57 57 59 50 58 54 56 41 26 46 59 59 58 55 56 40 29 46 61 58 59 61
33 33 34 43 47 53 35 48 53 55 46 47 41 54 58 51 42 57 55 58 58 49 47 58 58 47 56 53 59 50 49 51 54 59 57 58 57 55 56 53 58 47 55 53 58 58 49 49 57 59 46 42 49 49 51 56 58 58 59 50 35 48 41 42 49 54 60 51 61 61 60 51 50 57 49 58 57 55 50 58 55 61 57 53 58 53 55 55 61 60 57 51 57 49 54 44 57 56 59 61 59 57 59 58 56 38 42 57 59 59 61 59 58 40 42 57 61 56 59 61
48 51 36 33 38 57 54 48 54 55 42 38 39 56 55 56 53 59 50 59 59 40 50 54 58 41 43 51 55 51 54 54 56 59 50 58 58 58 56 56 59 53 55 52 51 54 51 48 56 59 49 45 47 42 42 54 48 50 57 45 37 38 41 50 54 55 57 52 61 61 61 53 51 57 57 60 59 60 49 56 57 60 58 58 55 54 59 59 61 57 55 53 57 53 57 57 58 56 52 58 59 59 59 57 58 52 41 57 59 59 61 60 56 51 53 56 60 59 59 61
22 18 25 31 33 41 38 52 46 39 17 22 27 50 58 39 32 56 31 59 56 36 43 44 36 29 53 55 57 49 33 31 41 52 52 55 54 21 30 32 51 24 48 45 41 55 35 45 52 58 33 30 41 38 40 47 44 52 38 26 30 17 17 37 58 61 36 37 48 59 61 41 45 29 36 41 59 56 45 44 38 44 42 50 49 48 54 54 60 29 42 29 38 35 44 48 54 51 48 56 59 47 54 56 45 37 26 51 59 59 58 53 55 38 39 44 61 33 58 60
41 34 25 30 50 53 49 57 53 55 40 45 45 52 58 55 49 57 53 56 56 51 51 56 56 44 49 54 57 56 35 48 55 56 56 58 57 50 53 50 58 36 51 46 53 57 47 46 58 58 40 28 49 43 46 51 48 54 56 46 51 45 47 53 53 58 57 53 55 59 61 54 57 51 57 54 54 59 40 48 59 55 53 53 56 52 55 58 61 57 48 38 56 44 49 53 59 53 55 60 59 52 58 59 58 43 30 56 59 59 61 59 60 51 42 57 60 55 59 61
28 40 34 41 36 39 47 53 54 41 31 33 26 44 56 48 33 56 43 59 58 39 53 42 45 27 47 53 55 56 44 45 47 56 44 54 57 48 29 21 57 28 38 49 45 56 48 50 49 55 39 37 45 33 40 50 53 51 43 28 28 28 33 42 54 57 45 40 59 58 61 45 54 36 34 46 56 60 44 48 46 58 51 38 52 49 52 56 61 44 41 40 44 37 34 50 59 56 48 56 59 58 59 57 53 34 36 36 59 59 60 60 54 45 48 46 60 51 56 60
22 42 38 40 38 46 50 54 52 40 30 41 42 49 57 53 43 59 47 59 57 47 58 45 49 39 51 57 50 54 41 49 44 59 50 54 50 48 36 33 58 41 49 43 49 57 53 50 52 58 37 35 49 36 41 42 56 59 56 23 23 27 33 44 59 57 55 54 60 60 60 51 55 55 48 53 56 53 47 53 59 58 50 43 46 55 56 55 60 57 56 52 57 46 38 47 54 52 49 58 58 54 57 53 54 31 34 34 59 59 58 59 50 43 35 38 60 46 58 60
36 47 34 34 48 52 41 49 52 53 33 33 45 53 59 54 44 57 56 59 58 48 55 51 54 37 41 55 59 57 45 48 46 55 48 56 59 46 46 47 56 31 44 52 54 59 52 53 53 57 40 51 58 50 47 55 48 56 53 36 27 35 42 51 54 57 57 52 60 60 59 48 53 49 55 55 56 57 44 54 60 60 43 44 54 57 55 58 58 58 48 38 49 28 36 50 55 56 53 55 59 52 57 58 52 40 30 40 59 59 59 60 57 42 49 54 61 51 59 59
32 44 41 46 41 46 52 54 52 57 54 41 40 48 55 58 48 59 37 59 57 43 51 55 59 49 54 54 55 50 52 55 57 59 55 52 59 52 56 49 59 51 57 58 56 58 42 44 50 58 47 42 56 49 44 54 48 53 55 53 36 43 40 52 59 56 60 45 61 61 61 50 54 48 58 60 57 55 51 53 58 60 59 59 57 52 58 56 61 51 53 49 53 46 57 60 59 52 54 61 59 56 59 59 59 51 48 55 59 59 61 61 57 51 47 58 61 60 59 61
36 43 33 45 46 50 47 52 50 55 36 46 41 50 57 56 51 59 49 59 59 47 51 51 56 44 52 56 55 50 49 54 55 59 48 55 57 52 55 55 57 50 49 49 50 56 45 48 56 59 43 31 52 36 39 50 48 40 60 46 41 40 35 51 57 57 60 53 61 61 60 51 51 60 58 59 53 58 52 55 59 60 58 52 53 51 57 56 61 60 61 50 55 53 57 60 61 51 54 61 59 56 58 58 57 45 41 53 59 59 61 61 60 41 44 57 60 51 59 61
28 33 24 30 40 41 54 53 46 56 47 48 38 50 55 53 43 56 37 59 58 47 53 55 57 49 44 52 58 47 44 52 54 56 47 55 59 48 50 53 56 41 47 38 49 53 53 51 54 59 36 46 56 41 44 52 48 52 58 45 32 30 29 40 51 52 58 44 50 59 57 40 53 58 54 56 56 55 46 57 56 58 53 48 55 54 60 57 61 56 59 45 56 45 42 52 57 52 54 57 59 54 59 59 55 47 33 58 59 59 61 59 56 52 39 55 60 56 59 61
29 47 26 38 42 39 49 57 54 51 32 41 40 52 57 58 48 58 56 57 56 49 54 50 53 41 49 56 56 55 34 40 52 58 40 58 58 51 43 33 56 31 47 45 47 56 50 53 54 59 37 39 46 32 39 50 46 51 51 43 42 44 40 45 57 59 55 48 58 59 60 53 55 46 54 53 56 57 40 48 59 61 55 52 53 51 58 57 59 50 43 42 43 32 49 54 59 54 50 60 59 44 56 49 38 12 20 41 59 59 59 60 36 20 22 41 60 51 58 57
36 39 37 38 42 54 45 55 54 52 44 36 37 46 56 54 45 59 41 59 57 51 56 53 54 38 52 55 58 53 45 50 55 58 48 57 54 52 49 40 56 40 43 48 51 59 55 58 52 58 41 43 54 49 45 55 56 54 57 36 31 43 43 51 58 60 57 52 61 61 61 51 57 47 52 54 56 59 44 53 58 59 53 42 55 57 59 57 60 52 52 45 55 35 34 54 61 58 56 60 59 56 59 58 56 24 28 51 59 59 61 58 56 24 33 43 61 50 56 60
41 45 39 42 43 52 49 57 57 54 25 35 31 52 58 57 28 56 41 58 58 38 54 39 55 42 50 54 58 54 32 51 53 56 46 57 58 52 52 44 53 39 49 47 52 59 43 44 57 59 45 39 47 42 41 49 50 52 54 31 32 36 41 52 60 60 52 53 61 58 61 46 56 40 47 54 61 58 45 50 56 40 52 49 52 52 60 53 60 36 50 42 51 42 47 44 59 53 57 58 59 51 58 59 56 34 29 40 59 59 61 61 54 46 41 56 61 60 58 61
30 39 36 39 44 47 39 52 51 48 44 50 48 50 58 44 38 57 51 58 59 53 59 43 58 51 51 57 57 57 41 48 49 51 52 56 59 44 45 32 52 30 56 42 44 57 52 52 56 58 52 46 54 34 39 53 53 52 51 41 40 32 40 48 58 57 56 46 58 60 60 48 55 47 53 54 54 59 51 51 52 58 46 47 53 55 59 61 60 46 54 43 55 35 44 48 61 58 59 60 59 54 59 59 56 44 33 45 59 59 61 60 53 42 38 47 60 52 59 61
36 46 42 44 47 46 55 55 56 53 40 45 41 49 56 55 45 57 42 59 58 49 53 52 56 42 48 55 59 54 46 56 46 59 51 54 59 53 46 36 58 46 51 43 49 57 52 51 50 58 39 41 45 40 44 42 40 40 59 37 41 43 40 40 58 61 50 53 61 60 61 53 57 42 55 57 61 60 50 56 58 58 54 56 55 56 59 59 60 55 51 53 56 42 51 54 61 55 55 59 59 55 59 58 58 41 40 36 59 59 61 61 60 46 45 55 61 56 59 61
24 39 32 38 51 45 33 45 53 56 35 38 46 54 59 44 45 55 51 59 58 46 50 52 54 44 49 57 59 53 40 51 47 56 52 51 57 49 36 39 58 32 54 41 44 55 47 50 53 59 41 39 49 41 48 42 51 47 42 39 37 40 41 53 58 60 44 46 59 61 61 49 58 35 50 55 59 58 50 57 48 56 49 46 52 54 57 53 61 41 53 35 47 39 38 43 58 56 56 61 59 52 59 59 49 37 34 45 59 59 60 60 55 42 45 53 60 57 58 60
30 44 33 45 49 49 48 56 54 54 44 47 47 52 58 54 54 59 49 58 54 45 50 56 52 40 51 57 56 52 46 45 52 55 49 58 59 49 44 50 56 32 50 49 54 56 49 53 54 58 32 36 53 36 44 44 55 58 59 51 42 43 40 53 59 60 58 57 57 58 60 49 49 55 57 56 59 60 44 56 58 60 54 55 58 58 58 59 61 58 56 53 57 32 48 54 60 56 51 60 59 56 59 59 54 45 35 46 59 59 61 61 49 40 43 40 61 43 59 61
37 40 34 31 50 56 53 56 59 56 41 42 35 52 56 58 46 59 44 59 59 46 51 55 58 47 57 52 56 52 37 49 53 59 50 58 57 53 57 50 56 39 48 47 52 55 51 53 58 59 37 44 54 38 35 48 57 47 58 43 47 40 39 50 56 57 59 50 61 61 60 54 51 57 54 60 59 55 45 56 58 61 50 50 55 56 59 56 61 54 56 58 61 49 49 48 57 54 50 60 59 57 59 56 58 40 26 38 59 59 61 61 60 45 38 37 61 50 59 61
37 46 35 44 51 53 48 54 57 54 35 29 41 43 58 54 45 59 54 59 59 40 53 56 57 33 46 45 58 48 50 49 57 58 48 58 58 55 50 49 59 44 50 38 44 51 52 53 56 58 45 39 60 35 43 47 54 49 57 50 43 44 33 54 61 61 56 57 54 58 57 45 49 48 59 58 61 57 50 49 55 56 53 54 54 41 51 54 58 55 58 50 56 47 52 49 58 48 42 53 59 55 59 59 58 36 33 57 59 59 61 60 57 43 47 59 61 56 59 60
24 42 29 38 46 43 55 56 53 58 34 49 37 42 57 55 49 58 39 59 59 51 53 51 57 45 51 56 59 58 46 50 55 58 52 57 58 54 46 44 56 37 47 52 48 59 52 54 49 59 42 30 54 38 41 51 59 54 55 41 32 37 42 50 57 61 58 52 57 61 61 52 54 53 53 55 61 57 48 47 56 59 55 50 53 52 59 60 61 49 54 47 56 38 51 48 59 56 54 60 59 57 59 55 57 33 21 53 59 59 60 55 58 41 43 48 59 52 59 61
41 39 26 42 36 44 47 57 47 40 42 40 29 45 56 49 39 58 36 58 59 45 53 49 50 42 48 52 59 50 36 54 49 58 45 57 58 48 39 41 54 35 37 39 40 52 43 44 50 58 35 40 42 27 26 37 52 46 46 40 37 29 28 38 58 55 54 31 43 61 60 55 54 25 26 61 57 57 54 49 49 61 55 48 54 47 55 56 61 51 51 49 51 48 50 54 60 57 55 59 59 54 58 56 50 25 35 38 59 59 61 57 50 41 46 47 59 50 58 61
31 29 35 31 39 42 46 56 47 48 33 39 31 46 59 50 19 55 46 57 54 37 53 39 54 37 45 57 58 54 43 41 48 52 49 52 58 50 42 33 54 41 51 55 56 56 44 52 51 59 34 28 58 40 43 46 55 49 57 29 35 35 42 43 42 55 44 24 52 57 60 44 48 47 43 56 56 58 47 49 45 57 44 40 49 49 58 56 60 45 55 51 54 48 36 45 59 53 54 60 59 51 57 53 49 10 25 45 59 59 59 58 53 26 31 54 60 46 59 59
26 32 35 22 32 42 35 34 31 47 35 37 29 39 48 39 43 53 38 57 57 42 43 45 43 41 40 52 58 50 35 43 37 52 44 45 56 44 38 29 50 25 39 35 39 52 39 42 52 58 35 35 47 31 36 42 36 39 48 27 28 23 26 26 50 49 47 36 58 58 60 39 41 36 42 45 56 54 45 43 45 49 52 45 53 47 57 56 61 29 48 38 47 32 39 48 57 51 54 59 59 50 58 58 51 26 23 35 59 59 58 58 55 12 23 32 61 51 59 61
39 36 35 45 45 46 38 46 56 47 16 27 38 57 59 41 49 56 54 57 55 26 52 41 49 25 51 55 59 47 41 52 40 57 46 54 57 49 48 25 53 22 46 45 36 57 38 45 51 57 41 38 50 50 46 52 53 56 54 29 24 41 31 46 52 61 52 50 58 58 58 28 55 47 41 51 57 55 31 51 48 58 48 46 56 30 52 51 59 40 49 41 53 27 33 46 57 53 54 58 59 51 56 55 54 44 26 50 59 59 58 55 52 44 28 51 61 55 58 58
38 48 37 50 56 49 58 57 55 57 44 49 45 51 59 58 52 59 55 58 59 47 56 56 59 50 57 55 59 57 49 54 55 58 52 56 59 55 55 57 59 52 54 51 56 57 52 46 55 59 50 50 58 47 45 49 55 50 61 46 39 35 41 57 54 57 58 53 59 60 61 56 54 59 56 59 58 59 56 56 58 60 58 56 53 55 59 59 61 58 60 57 59 54 54 54 60 58 54 61 59 56 59 59 53 42 29 51 59 59 61 61 60 51 49 59 61 57 59 61
34 36 23 42 35 51 47 59 52 57 36 44 42 53 58 53 35 58 47 59 58 47 53 49 51 39 42 52 57 58 41 45 47 56 51 59 59 47 47 33 58 33 52 49 50 56 52 49 56 59 38 37 49 38 30 49 51 52 57 48 39 38 36 44 56 59 54 41 52 58 61 45 52 50 55 57 59 56 49 49 56 57 55 53 55 53 56 51 60 54 57 51 56 47 50 48 57 53 54 56 59 54 59 58 55 17 20 53 59 59 61 59 51 33 31 35 61 49 59 60
22 29 20 15 33 44 40 42 40 17 23 16 12 26 55 37 14 53 10 56 48 26 41 24 32 32 43 50 55 50 25 27 28 51 38 57 51 31 23 11 47 28 37 42 31 54 36 41 55 59 20 24 37 21 27 30 43 36 33 29 28 22 22 25 39 53 43 26 36 49 52 36 41 25 35 47 57 51 33 34 21 36 43 42 46 34 43 54 59 23 33 31 33 35 43 40 53 45 48 59 59 43 51 43 44 22 18 28 59 59 50 47 44 21 38 32 59 42 58 53
30 38 38 44 50 52 48 54 56 53 50 51 53 54 57 47 50 58 44 58 59 55 57 54 56 44 45 56 58 57 43 49 49 59 54 53 58 56 45 50 58 47 55 49 56 59 55 57 53 57 39 38 55 45 42 49 55 55 58 44 41 41 38 51 57 59 57 49 59 60 61 53 55 52 54 58 59 58 51 55 56 59 56 57 56 55 57 58 61 51 57 52 57 47 57 58 59 58 57 61 59 56 58 58 53 31 33 49 59 59 61 58 59 46 35 58 58 49 59 61
38 37 30 39 43 49 52 55 50 58 50 53 30 48 59 55 42 59 40 59 57 47 50 50 59 43 49 55 57 51 41 53 54 58 45 57 59 58 56 44 58 45 52 45 52 57 44 48 56 59 38 40 57 48 45 46 51 48 58 45 47 47 34 43 56 58 59 47 59 60 60 53 50 53 50 60 60 56 51 50 56 58 53 48 52 54 61 56 61 56 55 51 59 48 53 47 55 53 54 59 59 55 59 59 59 45 35 58 59 59 61 58 56 50 34 60 61 52 59 61
26 33 31 38 41 44 33 58 56 46 42 39 39 47 56 45 42 58 38 59 52 50 51 43 54 46 53 54 54 56 33 40 34 56 50 57 56 38 24 25 56 33 54 52 56 57 50 52 56 58 31 26 47 41 39 41 41 48 51 40 41 44 39 44 52 52 49 44 56 61 61 49 55 37 47 54 48 54 53 40 55 59 59 53 52 54 53 55 61 46 47 39 48 36 51 53 55 52 53 60 59 58 58 59 53 28 22 40 59 59 60 60 52 33 23 51 60 51 59 59
23 30 25 26 31 43 32 49 46 45 28 31 31 32 51 43 9 55 18 56 53 37 43 19 49 30 43 48 56 51 27 36 44 41 38 49 56 42 36 18 36 28 39 36 37 52 42 40 39 56 36 29 38 28 30 38 34 46 31 25 32 27 30 38 38 50 45 13 34 52 60 43 45 30 29 47 55 50 43 38 36 49 46 44 44 44 57 55 57 30 39 27 30 35 41 44 56 47 52 52 59 47 59 55 46 30 20 49 59 59 59 58 50 35 30 52 60 43 58 60
11 30 17 28 38 35 40 47 44 45 36 39 26 34 55 41 32 55 19 57 52 34 45 47 45 32 43 48 54 48 39 34 36 39 46 52 52 40 38 35 52 26 44 37 42 53 37 41 56 59 22 25 41 29 34 42 46 41 51 41 36 21 23 22 45 52 52 23 25 52 59 40 45 32 43 50 56 52 43 35 35 45 51 49 45 42 53 57 61 31 41 31 52 36 38 55 57 51 51 61 59 45 59 54 45 15 23 29 59 59 59 57 37 31 29 43 60 42 57 61
28 32 28 28 39 44 42 56 51 32 18 29 37 50 57 54 21 58 42 59 58 39 54 24 50 30 53 58 58 58 37 43 34 56 47 57 56 43 29 19 54 29 41 55 47 56 47 54 51 59 40 33 40 37 28 39 47 44 47 32 39 35 32 38 52 56 48 25 56 57 60 52 57 47 42 51 49 57 41 47 36 48 51 47 49 49 43 54 58 39 44 43 48 40 47 50 57 53 47 56 59 53 56 52 53 25 31 45 59 59 61 60 46 40 38 52 59 53 59 56
24 37 28 45 39 35 50 55 49 53 44 50 47 50 54 52 44 58 48 58 57 52 50 53 55 46 43 54 58 51 35 47 48 58 53 54 57 50 39 39 58 41 54 50 49 54 50 44 52 58 40 30 52 43 34 45 58 59 59 42 40 38 41 39 55 53 60 49 57 61 61 53 53 51 50 57 59 58 47 50 53 59 51 49 37 52 57 53 61 46 51 45 57 49 45 39 53 51 59 61 59 55 59 59 52 28 27 35 59 59 61 57 58 40 30 47 58 46 59 61
29 37 28 35 31 40 45 53 40 53 46 34 34 45 58 52 47 55 46 57 57 39 50 48 53 47 48 53 55 54 28 29 53 57 52 53 54 46 47 44 58 30 50 41 46 53 48 41 58 58 22 36 53 34 31 42 37 41 55 43 42 33 37 47 56 59 57 52 56 50 58 45 55 47 49 52 59 58 44 46 58 53 44 45 46 48 57 58 60 58 53 39 51 27 42 51 60 54 56 60 59 47 56 53 51 20 18 49 59 59 60 52 52 31 29 48 58 38 59 61
34 43 40 44 44 51 40 57 56 48 30 30 26 52 58 47 40 59 35 58 56 37 49 43 55 49 47 56 54 52 51 52 46 58 54 57 55 49 46 32 58 52 56 58 55 58 43 50 54 57 43 43 56 43 45 54 54 58 48 38 36 35 30 47 61 57 56 53 60 61 60 50 51 48 38 56 55 54 48 51 53 58 52 54 58 53 56 55 61 53 51 50 51 41 49 52 59 55 53 60 59 55 59 59 54 30 33 39 59 59 59 58 56 32 31 24 61 52 59 60
41 39 32 49 37 44 58 57 50 43 40 45 47 52 57 55 47 58 45 58 58 51 55 54 54 48 45 56 58 57 45 56 54 59 53 57 57 55 48 37 59 44 53 49 47 56 51 51 56 59 41 36 55 35 34 44 59 43 57 54 44 39 47 49 55 56 56 47 53 60 61 57 57 50 52 59 60 58 60 46 56 56 60 57 57 53 59 58 61 56 58 45 56 50 56 57 61 55 54 60 59 53 58 55 58 40 36 45 59 59 61 61 57 45 33 40 58 52 58 60
37 41 51 20 39 57 40 52 52 44 39 37 39 49 56 46 42 58 48 58 59 43 56 44 51 38 47 55 57 59 46 46 50 56 42 57 55 50 44 41 54 37 51 41 46 56 48 41 56 59 34 44 50 30 42 56 55 52 50 36 35 30 42 46 57 58 57 49 57 61 61 49 58 45 44 51 56 57 48 47 52 61 50 44 48 50 58 55 60 54 49 48 50 27 39 50 58 54 51 59 59 52 57 58 58 43 39 50 59 59 61 59 59 46 52 52 61 58 59 61
30 36 31 36 47 41 48 57 52 47 35 44 42 54 54 50 51 59 47 58 55 52 55 48 51 34 53 56 57 52 49 45 53 59 53 53 57 44 51 39 57 24 48 55 56 56 48 44 47 59 27 38 50 40 43 49 47 51 56 40 36 43 38 54 59 60 52 48 53 59 61 50 53 51 53 52 59 51 50 44 60 58 58 56 58 57 53 52 61 55 57 44 55 36 44 55 55 52 56 61 59 58 59 59 57 38 42 47 59 59 61 60 51 35 50 49 61 47 59 61
35 31 35 43 50 50 43 57 55 47 36 36 45 52 59 55 48 59 56 59 57 46 55 50 53 39 49 55 56 54 53 47 53 58 40 57 58 51 45 38 59 42 52 48 51 55 47 45 56 58 43 43 53 47 44 49 53 57 53 35 35 35 36 49 57 56 58 44 60 61 61 43 55 39 39 58 58 58 51 58 57 60 55 51 51 53 60 60 60 50 57 54 48 40 46 55 58 56 49 60 59 52 59 56 56 24 36 46 59 59 61 61 51 36 42 42 61 59 57 60
23 33 19 24 38 38 26 40 41 17 20 7 7 26 52 34 7 48 18 51 44 25 40 10 27 24 41 57 54 51 26 24 9 44 38 40 44 18 13 1 40 14 29 39 37 55 35 36 39 56 29 29 36 38 39 42 34 39 28 14 21 23 22 20 35 43 35 17 41 51 54 27 30 25 14 37 41 44 35 33 19 36 38 23 37 32 36 46 53 18 20 19 29 24 23 45 50 33 43 48 55 35 50 50 33 17 19 30 59 59 52 52 41 22 29 31 60 51 55 55
28 41 30 42 38 46 44 51 52 52 32 28 32 53 57 48 43 58 44 58 57 42 50 52 51 37 33 53 57 52 32 43 45 55 41 56 58 45 41 34 56 33 37 41 43 53 43 37 50 58 30 41 49 49 44 49 47 42 46 30 29 32 39 46 57 57 57 37 57 59 59 42 49 45 40 48 56 55 43 44 52 59 35 45 48 47 53 53 59 48 44 35 41 27 31 45 56 50 55 61 59 51 58 58 48 37 34 38 59 59 61 61 52 41 54 50 61 59 59 61
28 44 30 45 48 39 48 57 56 52 43 40 40 54 59 53 39 58 33 59 58 51 56 51 58 47 56 54 58 57 45 48 47 55 55 56 58 51 45 33 58 34 54 52 58 56 55 54 56 59 48 43 58 47 40 47 59 52 58 34 32 42 36 49 54 57 58 37 57 61 61 47 56 54 57 55 58 60 48 55 57 58 53 44 59 54 59 57 60 53 58 44 58 38 42 55 59 56 56 60 59 57 59 59 53 42 42 53 59 59 60 58 57 47 53 50 59 57 59 60
26 30 25 32 39 43 49 46 44 44 24 25 38 48 54 44 32 53 43 55 51 43 49 41 53 32 47 55 57 54 38 35 41 54 49 41 54 36 35 24 48 32 46 39 46 55 52 50 52 56 34 36 52 35 44 47 53 43 49 31 30 23 23 30 51 55 59 31 59 60 60 47 39 34 36 50 56 52 39 50 41 58 43 41 49 51 56 54 60 45 42 43 43 35 30 36 56 53 48 55 59 50 58 51 53 33 38 53 59 59 59 58 52 39 45 52 60 57 58 61
38 32 25 27 34 44 45 47 45 47 33 33 37 53 56 50 42 58 51 59 56 42 55 47 57 40 51 55 54 56 45 50 48 55 47 50 58 49 46 38 55 32 51 44 49 55 52 44 53 59 45 36 49 33 39 52 55 51 57 45 37 29 26 42 45 56 56 45 58 60 60 48 55 52 54 52 58 56 38 52 54 57 41 41 42 51 57 55 60 59 52 42 58 36 44 43 54 51 52 59 59 55 58 55 48 40 28 49 59 59 59 59 55 44 36 42 58 56 59 60
20 20 24 33 38 47 44 56 49 48 32 29 31 43 53 51 27 59 42 58 56 43 48 45 55 39 42 53 55 51 45 40 49 55 41 53 56 46 44 44 54 33 45 48 51 54 47 43 57 59 31 34 45 30 35 45 41 41 48 34 37 31 37 44 51 56 54 39 57 58 60 46 53 48 41 53 56 53 42 49 53 56 47 45 50 51 57 54 61 55 51 40 47 25 47 40 53 49 50 59 59 52 56 54 48 27 26 46 59 59 61 57 47 42 28 53 60 53 59 60
38 47 36 37 47 44 53 57 54 49 39 45 46 53 56 59 49 59 50 59 59 52 57 53 51 41 47 58 55 58 34 44 48 58 47 57 59 36 40 47 59 25 46 42 44 57 53 54 52 59 38 46 53 36 42 46 51 55 55 42 38 33 39 48 58 60 56 50 59 61 60 55 55 47 49 55 59 61 53 52 48 56 57 50 55 57 58 61 61 52 49 35 51 47 52 56 57 53 51 60 59 53 59 58 51 28 30 54 59 59 61 58 46 45 36 47 61 45 59 61
23 39 39 42 46 47 40 57 53 31 21 36 34 47 55 44 36 59 40 59 57 34 54 41 53 37 34 52 53 54 44 48 42 56 34 58 57 44 27 18 57 38 39 37 41 52 45 48 51 59 33 38 39 36 30 42 48 51 39 29 32 34 33 45 50 60 54 43 56 59 61 48 49 49 54 50 57 53 48 45 59 57 49 42 40 47 54 45 61 53 40 37 40 37 45 45 53 43 52 61 59 47 58 54 54 35 40 29 59 59 58 55 48 30 32 45 58 53 59 61
42 40 37 35 41 44 45 56 58 51 39 38 38 47 58 54 39 58 42 59 58 42 56 37 52 41 46 58 58 57 40 47 43 58 40 58 59 48 50 40 53 39 47 44 43 57 53 55 54 59 44 42 56 37 45 53 55 60 55 38 32 42 33 41 52 58 58 50 57 58 60 51 55 37 55 52 60 58 40 47 56 57 47 45 50 52 57 51 60 49 48 35 48 39 38 49 55 53 56 59 59 52 57 56 58 31 28 35 59 59 61 60 55 38 42 46 61 57 59 61
37 31 26 40 40 47 55 51 57 55 35 36 41 52 55 55 41 59 46 59 58 44 53 45 58 42 49 56 53 56 42 50 55 58 39 56 56 55 51 50 54 48 50 43 47 58 53 53 55 59 36 38 51 46 42 51 56 50 56 39 36 40 41 48 55 57 61 43 59 61 61 51 56 49 50 54 53 56 51 54 50 60 54 43 48 50 57 53 61 58 53 49 55 45 41 52 56 54 54 60 59 54 59 59 55 34 37 57 59 59 60 61 56 39 48 56 61 59 59 61
23 21 34 29 36 35 28 41 42 34 30 34 40 42 57 39 39 56 39 59 58 44 47 50 48 39 50 52 58 48 43 41 32 59 43 47 58 44 34 20 56 26 38 37 47 54 46 47 41 56 42 34 51 29 36 45 38 33 37 36 27 26 29 37 56 52 52 43 57 55 60 42 44 29 45 45 57 57 41 48 49 56 39 36 48 51 52 49 57 46 48 31 39 35 31 34 54 52 49 56 59 47 56 54 54 30 27 46 59 59 55 56 56 44 42 48 60 54 59 61
29 38 32 43 37 43 49 53 50 51 40 42 44 51 56 54 54 58 50 58 56 46 52 42 55 38 46 57 58 46 45 49 53 57 51 58 59 51 48 42 55 43 42 47 46 57 49 48 52 58 36 41 56 50 40 54 53 54 59 37 37 38 32 46 59 57 58 42 59 61 61 49 52 53 40 59 55 58 50 51 52 59 45 39 49 46 58 55 61 43 58 51 59 40 45 51 54 58 57 61 59 49 59 58 56 40 30 52 59 59 61 58 50 46 39 52 61 52 59 61
33 45 29 41 36 44 39 49 54 46 42 31 36 53 59 46 29 59 55 58 57 48 59 40 54 41 54 56 58 59 47 48 41 58 49 59 54 48 34 19 54 35 47 47 53 58 55 57 55 59 44 45 58 40 51 58 53 53 50 28 38 33 37 42 56 54 59 46 58 61 59 48 54 40 37 52 59 57 51 49 50 57 53 44 48 54 58 53 60 51 52 45 46 36 42 54 57 56 49 57 59 56 57 57 53 43 40 50 59 59 59 58 60 40 41 53 59 54 57 61
24 33 20 40 35 34 38 38 42 47 37 26 37 43 56 45 33 52 38 58 54 39 49 34 53 38 38 52 58 51 40 38 44 56 49 44 58 51 48 42 54 32 43 34 35 45 43 41 48 56 34 26 41 38 30 42 40 42 52 32 22 33 31 43 57 55 50 46 52 56 57 39 45 47 47 54 58 48 44 44 56 51 41 46 45 47 55 49 60 55 48 38 50 35 38 45 50 49 42 60 59 54 58 58 53 43 24 50 59 59 59 56 52 41 28 41 60 56 59 61
35 47 31 33 41 42 47 50 52 49 29 40 27 51 56 51 38 59 52 59 57 38 48 53 52 38 49 51 57 49 46 45 53 57 50 59 55 48 49 48 58 37 52 39 54 55 40 51 52 58 45 35 47 36 39 47 53 55 52 36 31 35 42 51 60 60 56 54 55 59 61 39 57 40 52 48 59 54 49 49 51 58 55 48 54 55 56 52 61 53 55 41 51 37 40 45 54 54 55 61 59 49 54 57 54 33 26 32 59 59 61 51 57 34 29 36 57 49 57 60
30 37 37 37 42 45 48 55 51 55 46 47 42 55 59 56 47 57 51 58 58 52 54 52 58 48 47 55 59 56 37 50 54 54 52 53 57 55 51 41 48 46 53 45 49 55 54 52 53 59 42 39 57 45 41 54 58 56 59 46 38 39 44 52 58 59 58 51 59 59 61 49 52 53 55 60 59 57 49 56 55 59 47 42 44 47 58 52 61 58 55 51 57 41 41 44 49 51 60 59 59 55 58 59 55 35 26 54 59 59 60 60 59 46 33 56 61 58 59 61
37 44 38 42 40 44 53 54 52 58 47 46 43 49 56 54 50 59 45 59 57 46 55 55 58 47 55 54 59 56 43 48 54 59 51 57 59 57 57 52 58 42 56 41 53 57 51 52 58 59 43 46 61 36 37 45 60 50 60 48 38 30 31 42 53 51 61 48 56 60 60 53 52 57 52 58 51 59 54 57 56 61 59 54 58 53 59 60 60 59 60 49 57 47 55 58 61 59 57 61 59 51 57 58 53 45 34 38 59 59 61 59 54 50 39 55 61 55 58 61
29 49 40 38 49 48 42 48 48 54 52 53 51 56 58 56 56 59 57 59 59 51 53 57 56 43 46 53 58 54 50 56 55 57 45 57 59 55 56 48 58 51 53 50 51 52 50 43 56 59 48 46 58 45 43 53 55 52 58 51 47 48 36 56 56 57 58 53 56 60 60 52 53 52 55 59 61 58 52 60 56 57 48 45 51 53 61 55 61 57 56 53 59 55 50 48 56 57 56 61 59 57 59 58 57 43 31 57 59 59 60 60 58 52 30 56 61 60 59 61
