16 16 16 16 16 16 16 16 16 10 8 9 9 11 13 14 14 14 11 14 14 14 14 9 10 9 11 11 11 10 4 3 3 12 12 12 12 23 17 14 21 20 21 20 20 23 22 22 22 23 16 16 16 16 16 16 16 16 10 9 11 9 8 13 13 13 13 14 14 14 14 13 13 10 7 10 11 11 4 2 12 12 12 12 12 12 12 12 12 18 21 16 19 19 20 21 23 23 22 22 17 17 17 17 17 16 17 17 17 17 17 17 17 17 17 16 17 17 1 1
16 16 16 16 16 16 15 16 16 11 9 8 10 13 13 12 12 14 12 14 14 14 13 10 11 10 11 11 11 11 3 3 3 12 12 10 12 19 17 18 23 17 21 22 22 23 22 22 21 23 15 16 16 16 16 16 16 16 11 11 9 10 11 12 13 13 12 13 13 14 14 11 14 9 11 11 11 11 2 3 12 12 12 11 12 11 12 12 12 19 19 19 20 17 20 21 23 22 21 23 17 17 17 17 17 17 15 16 17 17 17 16 16 16 17 17 17 17 1 1
14 16 16 16 16 16 16 16 16 8 8 9 9 11 13 13 12 14 12 14 14 12 14 10 9 9 10 10 11 10 4 4 3 11 12 9 12 23 19 18 23 19 19 20 21 22 21 22 23 23 15 15 16 16 16 16 16 16 8 8 12 10 9 11 13 13 12 14 13 14 14 13 11 6 8 11 11 11 3 4 12 12 12 11 11 11 12 11 12 20 20 16 16 21 21 21 23 23 23 23 17 16 17 17 17 14 16 14 17 17 17 17 17 13 15 15 17 17 1 1
16 16 16 16 16 16 16 16 16 12 10 13 13 13 13 14 14 14 14 14 14 14 14 11 11 10 11 11 11 11 4 4 3 12 12 11 12 21 20 19 23 20 23 22 22 23 23 23 22 22 16 16 16 16 16 16 16 16 13 12 13 12 12 12 13 13 14 14 14 14 14 14 14 10 11 11 11 11 3 4 12 12 12 11 11 12 11 12 12 22 21 21 22 19 19 21 23 23 23 23 17 17 17 17 17 17 17 17 17 17 17 17 17 17 17 17 17 17 1 1
16 16 16 16 16 16 15 16 16 13 13 13 13 13 13 14 14 14 14 14 14 14 14 11 11 10 10 10 11 10 4 4 4 12 11 11 12 21 22 20 21 18 20 22 21 22 20 21 23 23 15 16 16 16 16 16 16 16 13 13 13 13 13 13 13 13 14 14 14 14 14 14 14 7 11 11 11 11 4 4 11 12 11 12 12 12 12 12 12 18 19 22 22 20 20 22 23 22 20 20 17 17 17 17 17 17 15 17 17 17 17 17 16 17 17 16 17 17 1 1
16 16 16 16 16 16 16 16 16 12 10 13 13 13 13 14 14 14 14 14 14 14 14 11 11 10 11 11 11 11 4 4 4 12 12 11 12 22 21 19 23 22 22 21 23 23 20 22 23 23 16 16 16 16 16 16 16 16 13 12 11 13 12 13 13 13 14 14 14 14 14 14 14 10 11 11 11 11 4 4 12 12 12 11 12 12 12 12 12 21 23 19 21 21 21 21 23 23 22 23 17 17 17 17 17 17 16 17 17 17 17 17 17 17 17 16 17 17 1 1
13 14 15 15 16 16 12 16 16 10 12 13 12 13 13 14 14 14 14 14 14 14 14 11 11 11 11 11 11 11 4 3 3 12 12 10 12 18 21 18 22 19 21 22 22 23 22 23 22 23 13 14 16 12 15 16 15 16 13 13 10 12 12 13 13 13 14 14 14 14 14 14 14 11 11 11 11 11 4 2 12 12 11 11 12 12 12 12 12 20 19 19 22 18 22 22 23 22 20 23 17 17 17 17 17 17 17 17 17 17 17 17 17 17 17 17 17 17 1 1
16 16 16 16 16 16 14 16 16 9 9 12 8 13 13 14 13 14 14 14 14 14 14 11 11 9 11 11 11 10 4 3 4 12 12 12 12 22 20 18 23 18 21 22 23 23 21 22 23 23 15 15 16 16 16 16 16 16 12 10 12 10 9 11 13 13 14 14 14 14 14 13 14 9 10 11 11 11 4 3 12 12 12 12 12 12 12 12 12 22 20 18 21 19 22 21 23 23 21 23 17 17 17 17 17 17 17 17 17 17 17 17 17 17 17 17 17 17 1 1
14 15 16 16 16 16 16 16 16 13 11 13 13 13 13 14 14 14 14 14 14 14 14 11 11 11 11 11 11 11 4 4 4 11 12 10 12 21 22 21 23 19 22 22 22 23 23 23 20 23 14 15 16 16 16 16 16 16 13 12 13 12 13 13 13 13 14 14 14 14 14 14 14 11 11 11 11 11 4 4 12 12 11 11 11 12 12 12 12 21 21 21 22 19 22 22 23 23 21 23 17 17 17 17 17 17 16 17 17 17 17 17 17 17 17 16 17 17 1 1
15 15 14 16 16 16 15 16 16 11 7 10 13 13 13 13 14 14 14 14 14 13 14 11 11 11 11 11 11 11 4 4 3 11 11 12 12 19 20 17 22 21 21 21 22 23 21 20 23 23 15 16 13 15 16 16 16 16 13 11 12 10 10 12 12 13 14 12 14 14 14 14 14 11 11 11 11 11 3 4 11 12 11 12 12 12 12 12 12 22 19 18 22 20 19 20 23 23 17 22 17 17 17 17 17 17 17 16 17 17 17 17 17 16 17 17 17 17 1 1
16 16 16 16 16 16 16 16 16 10 6 9 10 13 13 13 12 14 12 14 14 11 12 11 11 9 10 11 11 11 4 4 4 12 11 12 12 21 21 22 23 18 21 21 20 23 20 19 21 23 16 16 16 16 16 16 16 16 10 11 10 9 11 11 12 13 11 12 12 14 14 14 11 9 10 11 11 11 4 4 12 11 12 12 12 12 12 12 12 19 19 18 20 21 21 23 23 21 21 23 17 17 17 17 17 17 17 17 17 17 17 17 17 17 17 17 17 17 1 1
16 16 16 16 16 16 16 16 16 12 11 13 13 13 13 14 14 14 12 14 14 14 14 11 11 10 11 11 11 11 4 4 3 12 12 10 12 22 20 17 23 19 21 20 22 23 23 23 23 23 16 16 16 16 16 16 16 16 13 12 11 13 13 13 13 13 13 14 14 14 14 13 14 10 11 11 11 11 4 3 12 12 12 11 11 12 12 12 12 19 21 22 21 19 21 21 23 23 20 23 17 17 17 17 17 17 17 17 17 17 17 17 17 17 17 17 17 17 1 1
16 16 16 16 16 16 15 16 16 8 9 10 11 12 13 14 13 14 13 14 14 14 13 11 11 10 11 11 11 11 4 3 4 11 12 11 12 21 20 21 23 22 20 21 22 20 21 20 19 22 15 16 16 16 16 16 16 16 12 8 11 11 11 10 13 13 14 13 14 14 14 12 14 10 11 11 11 11 4 3 12 12 12 10 12 12 12 12 12 22 21 16 22 19 20 22 22 22 20 22 17 17 17 17 16 17 17 14 17 17 17 17 16 15 16 17 17 17 1 1
15 16 16 16 16 16 16 16 16 13 13 13 13 13 13 14 14 14 14 14 14 14 14 11 11 11 11 11 11 11 4 4 4 12 12 12 12 22 20 20 23 21 21 19 22 23 23 23 21 23 16 16 16 16 16 16 15 16 13 13 13 13 13 13 13 13 14 14 14 14 14 14 14 11 11 11 11 11 4 4 12 12 12 12 12 12 12 12 12 21 23 20 23 18 21 23 23 23 21 23 17 16 17 17 16 16 17 15 17 17 17 17 17 17 16 13 17 17 1 1
16 16 15 15 16 16 16 16 16 13 13 13 12 13 13 14 14 14 14 14 14 14 14 11 11 10 11 11 11 11 4 4 3 12 12 10 12 21 20 17 22 20 21 21 21 23 23 23 22 23 15 16 15 16 16 16 16 16 13 12 13 13 13 13 13 13 14 14 14 14 14 14 14 10 11 11 11 11 3 4 12 12 12 11 11 12 12 12 12 20 20 20 21 20 20 21 23 23 22 23 17 16 17 17 17 16 15 15 17 16 17 17 15 15 17 16 17 17 1 1
15 16 16 16 16 16 14 16 16 10 9 12 9 13 13 14 14 14 14 14 14 13 14 10 11 10 11 11 11 11 3 4 4 10 12 12 12 20 22 21 21 19 20 22 23 23 23 23 22 23 15 15 15 16 16 16 16 16 12 10 10 10 11 13 13 13 14 13 14 14 14 14 14 11 10 11 11 10 4 3 12 12 11 11 12 12 12 12 12 17 22 21 22 20 22 22 23 22 22 23 17 17 17 17 17 17 16 17 17 17 17 17 17 17 17 16 17 17 1 1
16 16 16 16 16 16 15 16 16 11 11 12 10 13 13 13 14 14 13 14 14 12 14 11 11 10 9 10 11 11 4 4 4 12 12 12 12 22 22 21 23 17 21 22 21 22 21 21 21 22 15 16 16 16 16 16 16 16 13 10 12 13 9 13 13 13 12 12 14 14 14 14 14 8 10 11 11 11 4 4 12 12 12 12 12 12 12 12 12 20 21 18 21 18 23 23 23 23 22 22 17 17 17 17 17 17 17 17 17 17 17 17 17 17 17 17 17 17 1 1
14 16 16 16 16 16 16 16 16 10 9 8 7 12 13 12 13 14 13 14 14 13 14 11 11 9 10 11 11 11 4 4 3 11 12 11 12 21 20 15 23 20 21 23 23 23 20 20 23 22 15 16 16 16 16 16 15 16 10 10 8 9 10 12 13 13 14 12 14 14 14 11 14 9 10 11 11 11 3 4 12 12 11 12 11 12 12 12 12 22 21 17 19 18 19 22 23 22 23 22 17 17 17 17 17 17 16 16 17 17 17 17 17 16 17 16 17 17 1 1
15 15 16 16 16 16 16 16 16 11 11 12 12 13 13 12 13 14 14 14 14 13 14 11 11 10 11 11 11 10 4 4 4 12 12 12 12 22 22 22 23 23 23 23 23 23 21 22 23 23 16 16 14 16 16 16 16 16 13 13 9 13 13 11 13 13 14 12 14 14 14 13 13 9 11 11 11 11 4 4 12 12 12 12 12 12 12 12 12 23 23 22 23 22 23 20 23 23 22 23 17 17 17 17 17 17 17 17 17 17 17 17 17 17 17 17 17 17 1 1
16 16 16 16 16 16 16 16 16 12 9 10 13 13 13 14 14 14 14 14 14 13 14 11 11 9 10 11 10 11 4 4 4 12 10 10 12 23 23 23 23 23 22 23 23 22 22 20 23 23 16 16 16 16 16 16 16 16 13 11 10 12 11 13 13 13 13 14 14 14 14 14 14 10 10 11 11 11 4 4 11 12 12 12 11 12 12 12 12 23 21 21 23 23 23 23 23 23 21 23 17 17 17 17 17 17 17 17 17 17 17 17 17 17 17 17 17 17 1 1
16 14 15 16 16 16 15 16 16 8 7 7 8 12 13 12 11 14 13 14 14 13 14 10 9 10 11 11 11 10 3 2 3 12 12 11 12 14 18 18 21 17 23 22 20 22 16 22 19 22 15 16 13 16 16 16 16 16 8 9 9 9 9 11 13 13 11 12 14 14 14 13 13 7 10 11 11 11 2 2 12 12 12 12 12 12 12 11 12 14 20 14 18 19 20 22 22 21 18 22 17 17 17 17 17 16 16 17 17 17 17 17 17 15 17 17 17 17 1 1
13 15 14 14 16 16 14 16 16 13 12 13 13 13 13 14 14 14 14 14 14 14 14 11 11 10 11 11 11 11 3 4 3 12 12 12 12 21 23 22 23 20 23 21 20 22 20 21 23 23 11 14 14 16 16 16 15 16 13 13 13 12 13 13 13 13 14 14 14 14 14 14 14 10 11 11 11 11 3 3 12 12 12 12 12 12 12 12 12 21 21 17 22 21 21 23 23 23 21 23 17 17 17 17 17 17 17 17 17 17 17 17 17 17 17 17 17 17 1 1
15 16 16 16 16 16 16 16 16 9 7 10 11 11 13 14 13 14 13 14 14 14 14 10 9 9 10 11 11 10 4 4 3 12 11 11 12 21 15 16 22 18 19 22 21 23 21 21 22 22 16 16 16 15 16 16 16 16 9 8 10 11 12 11 13 13 13 14 14 14 14 13 14 7 9 10 11 11 3 4 12 11 12 12 11 11 11 12 12 19 18 18 18 19 18 21 23 23 18 22 17 17 17 17 17 17 17 17 17 17 17 17 17 17 17 17 17 17 1 1
14 16 16 16 16 16 16 16 16 9 10 11 11 12 13 13 13 14 14 14 14 14 14 11 11 10 11 11 11 11 3 3 4 12 12 11 12 21 21 18 23 20 22 21 22 23 23 23 22 22 15 16 15 16 16 16 16 16 13 9 8 11 12 13 13 13 14 14 14 14 14 13 13 11 10 11 11 11 3 3 12 12 12 11 12 12 12 12 12 22 21 21 21 22 18 20 23 23 21 23 17 17 17 17 17 17 17 16 17 17 17 17 17 17 17 16 17 17 1 1
16 16 16 16 16 16 16 16 16 11 9 9 10 13 13 14 13 14 14 14 14 14 14 11 11 9 9 11 11 11 4 4 3 12 12 10 12 20 20 21 22 17 21 21 22 23 21 23 21 21 16 16 16 16 16 16 16 16 11 11 9 10 12 12 13 13 14 14 14 14 14 14 13 9 9 11 11 11 4 3 12 12 11 12 11 12 12 12 12 22 22 19 21 15 18 22 23 23 20 22 17 17 17 17 17 17 17 16 17 17 17 17 16 17 17 17 17 17 1 1
16 16 16 16 16 16 16 16 16 12 11 13 12 13 13 14 14 14 12 14 14 13 14 11 11 11 11 11 11 10 4 4 4 12 12 10 12 21 22 22 23 23 23 23 23 23 19 20 21 23 16 16 16 16 16 16 16 16 12 13 12 13 11 13 13 13 13 13 14 14 14 13 14 10 11 11 11 11 4 4 12 12 12 11 12 12 12 11 12 23 21 22 22 20 22 23 23 22 21 23 17 17 17 17 17 17 17 17 17 17 17 17 17 17 17 17 17 17 1 1
15 16 16 16 16 16 16 16 16 13 9 13 13 13 13 14 14 14 14 14 14 14 14 11 11 11 11 11 11 11 4 4 4 12 12 11 12 22 23 23 23 22 22 22 23 23 20 22 23 23 16 16 15 16 16 16 16 16 13 12 12 12 12 13 13 13 14 14 14 14 14 14 14 11 11 11 11 11 4 4 12 12 12 12 11 12 12 12 12 23 23 20 22 22 23 23 23 22 21 23 17 17 17 17 17 17 17 17 17 17 17 17 17 17 17 17 17 17 1 1
16 16 16 16 16 16 16 16 16 10 9 12 12 13 13 12 14 14 13 14 14 14 14 11 11 11 11 11 11 11 4 4 3 12 12 11 12 20 22 23 23 20 21 21 22 22 22 22 23 23 16 16 16 16 16 16 16 16 13 11 11 10 11 13 13 13 14 13 14 14 14 12 14 11 11 11 11 11 3 4 12 12 12 11 12 12 12 12 12 22 22 19 23 21 20 22 23 23 22 21 17 17 17 17 17 17 17 17 17 17 17 17 17 17 17 17 17 17 1 1
14 16 16 16 16 16 15 16 16 12 8 13 10 13 13 14 14 14 14 14 14 14 14 11 11 10 11 11 11 11 4 3 3 12 12 12 12 21 19 18 22 18 21 21 22 23 21 22 23 23 15 15 15 16 16 16 16 16 11 11 11 12 12 12 13 13 14 14 14 14 14 14 14 11 10 11 11 11 3 3 12 12 12 12 12 12 12 12 12 21 19 18 19 18 22 23 23 23 19 23 17 16 16 15 15 13 14 15 17 17 17 17 13 11 16 13 17 17 1 1
15 16 16 16 16 16 15 16 16 12 11 13 12 12 13 14 13 14 13 14 14 14 14 11 11 8 11 11 11 11 4 4 4 12 12 11 12 20 21 20 22 20 21 23 23 23 23 23 22 23 14 16 16 16 16 16 16 16 13 10 11 13 13 13 13 13 13 14 14 14 14 13 14 10 10 10 11 11 4 4 12 12 12 11 12 11 11 12 12 22 22 19 22 18 20 23 23 23 23 23 17 16 17 17 17 15 17 16 17 17 17 17 16 14 17 17 17 17 1 1
16 16 16 16 16 16 16 16 16 12 8 9 10 13 13 14 12 14 13 14 14 13 14 10 11 10 11 11 11 11 3 4 3 12 12 12 12 21 21 20 22 20 22 21 23 23 19 19 23 23 16 16 16 16 16 16 16 16 10 10 11 11 11 12 13 13 12 14 14 13 14 13 14 9 11 11 11 11 3 3 12 12 12 12 12 12 12 12 12 19 21 18 20 20 21 20 23 23 23 23 17 17 17 17 17 17 17 17 17 17 17 17 17 17 17 17 17 17 1 1
16 16 16 16 16 16 16 16 16 10 11 13 13 13 13 12 14 14 13 14 14 14 14 11 11 11 11 11 11 11 4 4 4 9 12 12 12 21 20 17 21 17 22 21 22 23 23 23 23 23 16 16 16 16 16 16 16 16 13 13 12 11 11 13 13 13 14 13 14 14 14 12 14 11 11 11 11 11 4 4 12 12 11 11 11 12 12 12 12 20 21 17 21 18 21 21 23 23 22 23 17 17 17 17 17 17 15 17 17 17 17 17 17 16 17 16 17 17 1 1
16 16 16 16 16 16 16 16 16 12 12 13 12 13 13 14 14 14 13 14 14 14 14 11 11 10 11 11 11 11 4 4 4 12 12 11 12 23 21 19 22 23 22 20 23 23 23 23 22 23 16 16 16 16 16 16 16 16 13 11 13 13 12 13 13 13 13 14 14 14 14 14 14 10 11 11 11 11 4 4 12 12 12 12 11 12 12 12 12 21 21 21 22 21 22 21 23 23 23 23 17 17 17 17 17 17 17 17 17 17 17 17 17 17 17 17 17 17 1 1
15 16 16 16 16 16 13 16 16 11 12 12 13 13 13 13 14 14 14 14 14 13 14 11 10 10 11 11 11 10 4 4 3 11 12 10 12 20 17 19 23 17 22 19 22 23 21 21 22 23 14 15 15 16 16 16 16 16 12 13 11 12 13 13 13 13 13 13 14 14 14 14 14 8 11 11 11 11 3 4 11 12 12 11 10 12 11 12 12 18 21 17 19 18 17 21 23 23 21 23 17 17 17 17 17 17 17 17 17 17 17 17 17 17 17 17 17 17 1 1
15 16 16 16 16 16 15 16 16 13 13 13 13 13 13 14 14 14 14 14 14 14 14 11 11 10 11 11 11 11 4 4 3 12 12 12 12 20 20 22 23 17 23 23 23 23 22 23 22 23 14 16 16 16 16 16 16 16 13 13 13 13 13 13 13 13 14 14 14 14 14 14 14 10 11 11 11 11 3 4 12 12 12 12 12 12 12 12 12 23 23 20 22 19 21 23 23 22 21 23 17 17 17 17 17 16 17 16 17 17 17 17 16 17 17 16 17 17 1 1
16 16 16 16 16 16 16 16 16 13 10 10 11 13 13 14 14 14 14 14 14 13 14 11 11 11 11 11 11 11 4 4 4 12 12 12 12 22 23 21 22 21 22 22 22 23 22 22 23 23 16 16 16 16 16 16 16 16 12 11 11 12 12 12 13 13 14 13 14 14 14 14 14 11 11 11 11 11 4 4 12 12 12 12 12 12 12 12 12 20 22 22 23 22 23 20 23 23 21 23 17 17 17 17 17 16 15 15 17 17 17 17 17 15 17 14 17 17 1 1
14 16 15 16 16 16 16 16 16 13 12 12 12 12 13 14 13 14 14 14 14 14 14 11 11 10 11 10 11 10 4 4 4 12 12 12 12 22 20 19 23 21 23 21 22 22 22 20 22 23 16 14 16 15 16 16 16 16 13 12 13 12 11 13 13 13 14 14 13 14 14 14 14 9 10 11 11 11 4 4 12 12 12 12 12 12 12 12 12 22 23 21 22 20 21 22 23 18 17 23 17 17 17 17 17 15 17 17 17 17 17 17 16 16 17 17 17 17 1 1
13 16 15 16 16 16 16 16 16 13 9 13 12 12 13 14 14 14 13 14 14 14 14 11 11 11 11 11 11 11 4 4 4 12 12 12 12 22 21 21 21 20 21 23 23 23 22 22 22 23 15 14 16 15 16 16 16 16 13 10 12 12 12 13 13 13 13 14 14 14 14 14 14 11 11 11 11 11 4 4 12 12 12 12 12 12 12 12 12 20 22 20 23 19 22 22 23 23 21 23 17 17 17 16 17 14 14 17 17 17 17 16 17 15 15 15 17 17 1 1
15 15 14 16 16 16 13 16 16 9 9 11 9 13 13 13 14 14 14 14 14 11 14 10 9 10 10 10 11 10 4 4 4 12 11 12 12 23 23 19 23 21 20 21 22 23 21 20 21 23 15 16 14 13 15 16 16 16 10 10 10 10 12 12 13 13 13 13 12 14 14 14 14 7 8 11 11 11 4 4 11 12 12 12 12 12 12 12 12 21 21 19 20 22 22 21 23 23 19 23 17 17 17 17 17 16 17 17 17 17 17 17 17 17 17 16 17 17 1 1
14 15 16 16 16 16 15 16 16 9 8 12 11 12 13 13 8 14 14 14 14 11 14 10 11 9 11 11 11 11 4 3 3 10 12 10 12 21 21 18 21 23 23 23 23 23 22 23 21 23 16 13 16 15 16 16 16 16 12 8 11 11 12 12 12 13 12 11 12 13 14 13 13 10 9 11 11 11 3 3 12 12 11 10 11 12 12 12 12 21 23 21 23 21 18 20 23 23 23 23 17 16 16 17 16 10 16 16 17 16 16 16 14 11 16 16 15 17 1 1
16 16 16 16 16 16 16 16 16 10 8 10 11 11 13 12 14 13 13 14 14 14 13 11 11 11 9 10 11 11 4 3 2 10 11 9 12 20 19 17 22 18 20 20 22 22 20 21 23 23 16 16 16 16 16 16 16 16 13 10 9 12 11 8 13 13 13 13 14 14 14 12 13 9 10 11 11 11 3 2 12 11 12 10 11 10 12 12 12 15 19 17 19 20 20 23 23 22 20 23 17 16 17 17 15 17 15 14 17 17 17 17 17 13 15 15 17 17 1 1
15 15 16 16 16 16 13 16 16 12 7 10 12 13 13 12 13 13 14 14 13 11 14 9 10 9 11 10 11 9 4 4 2 11 11 11 12 21 20 17 20 15 22 22 21 22 17 18 20 22 13 15 16 16 16 16 15 16 12 9 11 12 11 12 13 13 12 13 13 14 14 10 14 9 9 9 11 11 3 3 11 12 11 12 12 11 12 12 12 17 20 18 19 15 17 22 23 21 19 22 17 17 17 16 17 16 17 17 17 17 17 17 17 17 15 17 17 17 1 1
16 16 16 16 16 16 16 16 16 12 12 13 13 13 13 14 14 14 14 14 14 14 14 11 11 11 11 11 11 11 4 4 4 12 12 12 12 22 22 23 23 22 23 23 23 23 22 20 23 23 16 16 16 16 16 16 16 16 13 12 13 12 13 13 13 13 14 14 14 14 14 14 14 11 11 11 11 11 4 4 12 12 12 12 12 12 12 12 12 23 22 22 22 21 22 23 23 23 22 23 17 17 17 17 17 17 17 17 17 17 17 17 17 17 17 17 17 17 1 1
13 16 15 16 16 16 15 16 16 13 9 13 13 13 13 12 11 14 13 14 14 13 14 11 11 10 10 11 11 11 3 4 3 12 12 12 12 21 23 19 23 21 22 23 23 23 23 23 23 23 14 15 16 16 16 15 16 15 13 12 12 13 12 12 13 13 13 12 12 14 14 12 14 9 11 11 11 11 3 3 12 12 12 12 12 12 12 12 12 21 23 22 22 21 23 23 23 22 21 23 17 17 17 17 17 17 16 17 17 17 17 17 17 17 17 16 17 17 1 1
15 16 15 13 16 16 14 16 16 6 8 6 7 9 13 11 10 14 9 14 14 11 13 9 10 9 10 10 11 11 3 3 2 9 10 11 10 19 17 15 22 19 22 21 18 23 17 21 23 22 14 14 15 16 16 16 16 16 9 8 9 9 8 9 10 13 11 10 12 12 14 11 12 8 8 10 11 11 3 1 9 9 11 10 12 11 10 12 12 17 17 18 16 19 22 22 23 21 19 23 17 16 16 16 16 17 15 16 17 17 17 17 17 12 17 15 17 17 1 1
13 15 16 16 16 16 15 16 16 12 12 13 13 13 13 13 14 14 14 14 14 14 14 11 11 10 10 11 11 11 4 4 4 12 12 9 12 23 22 22 23 19 23 22 23 23 23 23 23 23 14 16 14 16 16 16 15 16 13 13 13 13 11 13 13 13 13 14 14 14 14 14 14 9 11 11 11 11 4 4 12 12 11 11 11 12 12 12 12 20 23 22 22 22 23 23 23 23 22 23 17 17 17 17 16 13 16 16 17 16 17 16 17 14 15 17 17 17 1 1
16 16 16 16 16 16 16 16 16 13 12 13 11 13 13 14 14 14 13 14 14 14 14 11 11 9 11 11 11 11 4 4 3 12 12 12 12 23 22 21 23 20 21 22 23 23 21 23 23 23 16 16 16 16 16 16 16 16 12 12 13 13 12 13 13 13 13 14 14 14 14 14 14 10 10 11 11 11 3 4 12 12 12 12 12 12 12 12 12 22 22 20 23 21 23 21 23 23 21 23 17 17 17 17 17 17 17 17 17 17 17 17 17 17 17 17 17 17 1 1
14 15 15 16 16 16 11 16 16 10 11 13 11 13 13 13 14 14 13 14 14 14 14 10 10 11 11 11 11 11 4 4 3 12 12 11 12 19 16 17 23 18 23 22 23 23 22 22 22 23 15 15 14 15 15 15 14 16 12 10 11 13 12 13 13 13 13 13 14 14 14 14 14 9 11 11 11 11 4 3 12 12 12 12 11 12 12 12 12 20 19 19 20 19 22 21 22 22 22 23 17 17 17 17 17 17 16 17 17 17 17 17 17 16 17 17 17 17 1 1
15 15 16 15 16 16 15 16 16 8 7 11 12 11 13 13 7 13 11 14 14 11 13 8 9 9 11 11 11 11 4 3 2 12 12 9 11 19 19 17 18 16 20 20 22 23 20 21 21 22 15 16 13 16 16 16 16 16 9 9 11 11 11 12 12 13 12 8 11 12 13 13 13 8 8 10 11 11 3 2 12 12 11 11 10 12 12 12 12 18 16 15 17 16 20 22 23 22 22 21 17 17 17 17 16 17 17 17 17 17 17 17 17 16 17 17 17 17 1 1
9 15 16 16 16 16 16 16 16 11 10 11 9 12 13 11 12 14 10 14 13 11 13 11 11 9 11 10 11 10 4 3 3 11 12 9 12 18 19 20 23 19 23 19 22 23 19 22 22 23 14 15 15 15 16 15 15 15 12 11 13 10 11 10 12 13 12 10 9 14 14 12 13 8 10 11 11 11 3 3 11 12 11 11 12 11 12 12 12 17 20 16 21 20 20 23 23 22 21 23 17 15 17 17 16 13 16 14 17 17 17 16 13 14 16 15 17 17 1 1
15 16 16 16 16 16 12 16 16 9 6 10 12 12 13 14 10 14 14 14 14 13 14 10 11 10 11 11 11 11 3 4 2 12 11 12 12 21 18 15 22 18 20 21 21 23 19 22 21 23 15 15 14 15 16 16 16 16 10 9 11 11 11 11 13 12 13 12 14 14 14 13 13 10 11 10 11 11 3 2 11 12 12 12 12 12 12 12 12 17 19 18 18 19 23 22 23 22 19 22 17 17 17 17 17 17 16 17 17 17 17 17 17 17 17 16 17 17 1 1
14 16 16 16 16 16 16 16 16 11 13 11 13 13 13 14 14 14 14 14 14 14 14 11 11 11 11 11 11 11 3 4 4 12 12 10 12 23 20 19 22 21 23 21 22 22 21 21 22 23 15 15 16 16 16 16 16 16 13 12 12 12 12 13 13 13 14 14 14 14 14 14 14 11 11 11 11 11 4 3 12 12 12 11 11 12 12 12 12 19 22 17 23 22 21 20 23 22 22 23 17 17 17 17 17 13 15 14 17 16 17 16 16 15 16 15 17 16 1 1
14 16 15 15 15 15 15 16 16 12 11 12 10 13 13 14 14 14 14 14 14 12 14 11 11 11 11 11 11 11 4 3 3 12 12 12 12 20 21 22 22 19 22 23 23 23 20 22 23 23 10 16 16 16 16 16 15 16 12 11 13 11 11 13 13 13 14 13 14 13 14 14 14 11 11 11 11 11 2 4 12 12 12 12 12 12 12 12 12 23 22 18 21 18 21 23 23 23 22 23 17 17 17 17 16 15 16 17 17 17 17 17 17 15 17 16 17 16 1 1
16 16 16 16 16 16 16 16 16 11 7 10 9 13 13 13 14 14 13 14 14 13 14 11 11 11 10 11 11 10 4 4 3 12 12 12 12 22 23 19 23 23 23 23 23 23 19 22 23 23 16 16 16 16 16 16 16 16 11 10 10 10 10 12 13 13 13 13 14 14 14 14 13 10 10 11 11 11 3 4 12 12 12 12 12 12 12 12 12 20 23 22 23 20 22 23 23 23 21 23 17 17 17 17 16 16 16 14 17 17 17 17 16 16 17 13 17 17 1 1
16 16 16 16 16 16 16 16 16 10 11 13 13 13 13 14 14 14 14 14 14 14 14 11 11 11 11 11 11 11 4 4 4 12 12 11 12 23 22 19 23 22 23 21 23 23 21 22 23 23 16 16 16 16 16 16 16 16 12 13 12 11 12 13 13 13 14 14 14 14 14 14 14 11 11 11 11 11 4 4 12 12 12 12 11 12 12 12 12 22 22 19 22 22 23 22 23 23 21 23 17 17 17 17 17 16 17 15 17 17 17 17 17 16 15 17 17 17 1 1
16 16 16 15 16 16 14 16 16 11 11 10 10 13 13 14 14 14 14 14 14 14 14 11 11 9 11 11 11 11 4 4 4 12 12 12 12 21 21 21 21 21 20 22 23 23 22 19 22 23 15 16 16 15 15 16 16 16 12 10 10 11 13 12 13 13 14 14 14 14 14 14 14 10 10 11 11 11 4 4 12 12 12 12 12 12 12 12 12 21 22 20 20 17 18 23 23 23 22 22 17 17 17 17 17 17 17 17 17 17 17 17 17 17 17 17 17 17 1 1
14 15 15 16 16 16 14 16 16 11 12 12 13 13 13 13 14 14 14 14 14 14 14 11 11 10 11 11 11 11 4 4 4 12 12 12 12 21 23 20 23 16 21 23 23 23 21 20 21 23 12 16 15 16 15 16 16 16 13 11 12 13 12 13 13 13 14 13 14 14 14 14 14 11 10 11 11 11 4 4 12 12 12 12 12 12 12 12 12 20 21 19 22 18 20 23 23 23 20 23 17 17 17 17 17 17 17 17 17 17 17 17 17 17 17 17 17 17 1 1
16 15 15 15 16 16 15 16 16 9 12 12 13 13 13 13 14 14 14 14 14 13 14 10 11 9 10 10 11 11 4 4 3 12 12 12 12 23 21 18 23 21 23 21 21 23 22 21 23 23 14 16 14 16 16 16 16 16 13 12 12 12 11 12 13 13 14 13 14 14 14 13 14 8 9 11 11 11 3 4 12 12 12 12 12 12 12 12 12 21 22 20 21 19 22 22 23 23 21 23 17 17 17 17 17 16 17 16 17 17 17 17 15 17 17 17 17 17 1 1
12 16 14 15 16 16 15 16 16 5 8 5 7 9 12 11 8 12 9 14 13 12 13 7 9 8 11 11 11 10 4 3 2 11 9 9 8 15 14 11 21 16 18 23 20 21 19 18 18 22 15 12 15 15 16 16 15 16 8 7 8 10 10 9 9 11 11 8 12 13 14 10 10 9 7 9 10 10 3 2 9 12 11 9 11 10 10 12 11 15 15 14 17 17 16 21 21 19 15 18 17 17 17 17 16 16 17 16 17 17 17 17 17 14 17 17 17 17 1 1
16 16 16 16 16 16 15 16 16 11 8 9 10 13 13 12 14 14 14 14 14 14 14 10 10 9 9 11 11 11 3 4 3 11 12 12 12 20 18 16 22 18 19 22 22 23 21 18 21 23 15 16 16 16 16 16 16 16 11 9 10 9 13 12 13 13 14 13 14 14 14 14 13 9 8 10 11 11 3 3 12 12 11 12 12 12 12 12 12 20 18 15 18 16 19 21 23 22 22 23 17 17 17 17 17 17 17 17 17 17 17 17 17 17 17 17 17 17 1 1
16 16 15 16 16 16 15 16 16 11 9 11 12 13 13 13 13 14 12 14 14 14 14 11 11 11 11 11 11 11 4 4 3 12 12 11 12 22 21 18 23 19 22 22 23 23 23 23 22 23 16 15 15 16 16 16 16 16 13 10 10 12 11 13 13 13 13 13 14 14 14 12 14 11 11 11 11 11 3 4 12 12 12 11 12 12 12 12 12 21 23 20 21 19 21 22 23 23 22 23 17 17 17 17 17 17 17 17 17 17 17 17 17 17 17 17 17 17 1 1
16 16 16 16 16 16 16 16 16 8 8 7 10 11 13 13 12 13 12 13 14 14 14 10 10 9 11 11 11 11 4 4 2 11 12 8 12 18 18 15 20 15 21 21 22 23 23 23 22 22 16 16 16 16 16 16 16 16 10 10 8 8 10 11 13 13 14 13 14 14 14 12 10 9 10 11 10 11 3 3 12 12 10 11 11 11 12 12 12 20 19 20 19 18 18 20 23 21 19 22 17 17 17 17 17 17 17 17 17 17 17 17 17 17 17 17 17 17 1 1
16 16 16 16 16 16 16 16 16 11 9 9 11 13 13 13 14 14 14 14 14 14 14 11 11 10 11 11 11 11 4 4 4 11 12 12 12 22 18 20 22 20 22 21 22 23 22 21 22 23 16 16 16 16 16 16 16 16 13 11 10 10 10 12 13 13 14 13 14 14 14 14 14 10 11 11 11 11 4 4 12 12 12 12 11 12 12 12 12 22 22 19 23 19 21 20 23 23 18 22 17 17 16 17 17 15 16 16 17 17 17 17 16 14 16 17 17 17 1 1
12 14 15 15 16 16 15 16 16 11 8 9 10 12 13 13 12 14 14 14 14 13 14 11 11 11 10 11 11 11 4 4 3 12 12 11 12 21 20 19 22 20 22 23 23 23 21 20 23 23 12 15 13 15 16 16 16 16 10 8 12 11 13 11 11 13 12 12 14 14 14 14 14 11 10 11 11 11 3 4 12 12 12 12 11 12 12 12 12 21 22 20 20 18 23 20 23 22 22 23 17 17 17 17 17 16 17 15 17 17 17 17 15 16 17 17 17 17 1 1
16 16 16 16 16 16 16 16 16 10 11 13 12 13 13 14 14 14 14 14 14 14 14 11 10 10 10 11 11 11 4 4 4 12 12 11 12 15 21 21 23 17 21 20 20 22 21 22 21 23 16 16 16 16 16 16 16 16 12 12 12 11 12 13 13 13 14 14 14 14 14 14 14 10 9 11 11 11 4 4 12 12 12 12 11 12 12 12 12 20 19 14 20 19 22 23 22 22 19 23 17 17 17 17 16 16 16 17 17 17 17 17 16 17 17 14 16 17 1 1
13 16 16 16 16 16 16 16 16 10 9 10 11 13 13 14 14 14 14 14 14 13 14 11 11 10 9 10 11 11 4 4 4 11 12 12 12 21 16 12 23 19 20 21 20 23 19 22 21 22 15 15 16 15 16 16 16 16 12 10 11 10 11 12 13 13 13 14 14 14 14 14 14 9 9 11 11 11 4 4 12 12 12 12 11 12 12 12 12 21 17 16 17 19 20 22 22 20 20 23 17 17 17 17 16 17 17 16 17 17 17 17 16 16 17 17 17 17 1 1
16 16 16 16 16 16 14 16 16 11 8 12 12 13 13 14 14 14 13 14 14 13 14 10 10 10 11 11 11 11 4 3 2 12 12 11 12 21 21 20 23 21 22 22 20 23 23 23 23 23 16 15 16 15 16 16 16 16 13 11 10 12 11 12 13 13 13 14 13 14 14 14 14 8 11 11 11 11 2 3 12 12 12 11 12 11 11 12 12 20 22 18 21 21 22 23 23 23 23 23 17 17 17 17 17 17 17 17 17 17 17 17 17 17 17 17 17 17 1 1
16 16 16 16 16 16 16 16 16 12 11 12 12 13 13 14 14 14 14 14 14 14 14 11 11 10 11 11 11 11 4 4 4 11 11 11 12 22 22 20 22 22 22 22 23 23 21 22 23 23 16 16 16 16 16 16 16 16 13 10 12 13 12 13 13 13 14 14 14 14 14 14 14 10 11 11 11 11 4 4 12 11 12 11 11 12 12 12 12 23 23 20 21 22 18 22 23 23 23 23 17 17 17 17 17 17 17 17 17 17 17 17 17 17 17 17 17 17 1 1
15 13 16 16 16 16 11 16 16 10 9 10 11 13 13 13 13 14 13 14 14 14 14 10 11 10 11 11 11 11 4 2 2 12 12 10 12 19 17 13 22 15 20 19 22 23 18 23 18 23 14 14 14 14 16 16 15 16 11 12 10 10 11 12 13 13 13 13 14 14 14 13 14 10 11 10 11 11 2 2 12 12 12 10 12 11 12 12 11 17 22 17 17 18 17 19 23 23 18 21 17 17 17 17 17 17 17 17 17 17 17 17 17 17 17 17 17 17 1 1
15 16 16 16 16 16 16 16 16 11 9 12 12 13 13 14 14 14 14 14 14 12 14 11 11 10 11 11 11 11 4 4 4 10 12 12 12 20 21 19 22 22 21 22 22 23 22 21 22 23 16 15 16 16 16 16 16 16 13 11 12 11 10 13 13 13 13 13 14 14 14 14 14 11 10 11 11 11 4 4 12 12 11 11 12 12 12 12 12 18 23 22 23 17 21 22 22 22 19 23 17 17 17 17 17 17 17 17 17 17 17 17 17 17 17 17 17 17 1 1
16 16 16 16 16 16 16 16 16 10 12 9 11 13 13 13 13 14 14 14 14 14 14 10 11 10 11 11 11 11 4 4 3 12 11 12 12 21 19 13 21 19 22 22 23 23 23 23 22 22 16 16 16 16 16 16 16 16 12 10 10 11 12 13 13 13 14 13 14 14 14 13 14 10 11 10 11 11 4 3 11 12 12 12 12 12 12 12 12 20 21 21 20 19 18 22 23 23 19 21 17 17 17 17 16 17 17 17 17 17 17 17 17 16 17 17 17 17 1 1
13 16 16 16 16 15 16 16 16 9 10 11 11 11 13 11 13 13 14 14 14 13 14 8 11 10 10 11 11 11 4 4 4 11 12 9 12 22 20 19 23 20 19 18 19 21 19 18 20 22 15 15 15 16 16 16 15 16 13 9 11 10 11 11 13 13 12 13 14 14 14 12 13 8 10 10 11 11 4 4 12 12 12 12 11 10 12 11 12 20 17 15 19 18 20 21 22 22 19 23 17 17 17 17 17 15 16 17 17 17 17 17 16 15 17 17 17 17 1 1
16 16 16 16 16 16 16 16 16 12 11 11 10 13 13 13 14 14 14 14 14 14 14 11 11 10 11 11 11 10 4 4 4 12 12 12 12 20 19 18 23 20 22 22 23 23 19 22 21 23 16 16 16 16 16 16 16 16 12 10 11 12 12 13 13 13 14 14 14 14 14 13 14 10 11 10 11 11 4 4 12 12 12 12 12 12 12 12 12 21 22 17 21 18 20 21 23 23 22 23 17 17 16 17 17 15 17 15 17 17 17 15 17 15 17 16 17 17 1 1
16 16 16 16 16 16 16 16 16 13 13 13 13 13 13 14 13 14 14 14 14 14 14 11 11 10 11 11 11 11 4 4 4 11 12 10 12 21 22 18 20 21 22 19 23 23 23 23 22 23 16 16 16 16 16 16 16 16 13 13 13 13 13 13 13 13 14 14 14 14 14 14 13 10 11 11 11 11 4 4 12 12 12 11 10 12 12 12 12 22 22 21 21 19 20 20 22 23 23 23 17 17 17 17 17 16 17 16 17 17 17 17 17 15 17 17 17 17 1 1
16 16 16 16 16 16 16 16 16 13 10 11 10 13 13 14 14 14 14 14 14 14 14 11 11 11 11 11 11 11 4 4 4 12 12 12 12 23 23 23 23 22 23 20 22 23 22 22 23 23 16 16 16 16 16 16 16 16 13 12 10 12 11 12 13 13 14 14 14 14 14 14 14 11 11 11 11 11 4 4 12 12 12 12 12 12 12 12 12 22 23 18 22 23 23 23 23 23 23 23 17 17 17 17 17 17 17 15 17 17 17 17 17 17 16 16 17 17 1 1
16 16 16 16 16 16 16 16 16 13 13 13 13 13 13 14 14 14 14 14 14 14 14 11 11 11 11 11 11 11 4 4 4 12 12 12 12 22 23 20 23 23 22 23 22 23 22 21 23 23 16 16 16 16 16 16 16 16 13 13 13 13 13 13 13 13 14 14 14 14 14 14 14 11 11 11 11 11 4 4 12 12 12 12 12 12 12 12 12 21 23 22 23 22 22 21 23 23 21 23 17 17 17 17 17 17 17 17 17 17 17 17 17 17 17 17 17 17 1 1
