104.667
102.8
101.683
110.933
107.517
110.917
109.133
107.617
110.6
107.383
105.717
109.217
106.667
111.567
106.417
108.283
108.417
106.483
111.1
110.917
100.5
109.717
104.683
105.733
108.65
111.15
109.7
107.65
106.8
108.95
108.383
108.817
109.817
107.367
109.65
109.467
109.3
109.183
105.5
104.9
101.5
104.467
112.583
107.583
93.9667
110.217
109.517
105.6
98
99.8667
103.5
107.05
105.717
108.167
109.517
108.133
108.767
109.017
91.4667
105.117
109.717
103.1
106.683
104.35
108.65
103.617
107.9
108.3
101.533
108.367
107.8
102.567
106.483
109.233
110.233
111.667
