60 59 56 60 56 56 58 60 59 60 59 58 58 59 59 60 56 60 55 60 58 60 60 59 60 60 59 60 58 60 60 60 60 60 60 59 57 60 59 57 60 60 60 54 60 60 60 59 55 60 57 57 58 58 54 55 57 55 58 57 55 50 51 57 58 58 58 57 58 58 58 58 58 58 58 58 55 58 58 58 58 58 58 58 58 58 58 58 56 58 58 58 58 58 58 57 58 58 54 57 60 60 60 60 60 58 59 60 60 53 58 58 58 57 57 58 57 58 60 58
52 57 54 57 55 52 60 60 56 60 57 54 53 60 60 60 51 60 55 60 60 58 60 53 60 59 60 60 60 60 58 60 59 60 60 60 59 59 60 58 59 60 60 57 60 60 60 57 57 60 57 58 57 55 53 55 58 58 58 57 58 53 56 57 58 58 58 54 57 58 58 57 56 57 57 58 57 58 58 58 57 56 58 58 58 58 58 58 58 57 58 58 57 57 58 58 58 58 54 57 60 60 60 60 60 55 58 60 60 49 58 58 58 56 55 58 50 57 60 58
49 58 55 58 60 58 59 60 59 59 58 57 56 59 59 59 60 60 58 60 60 60 59 58 60 60 60 59 60 60 60 60 59 60 60 59 60 60 59 58 60 60 60 59 60 60 58 59 60 60 55 57 58 56 50 55 58 56 58 58 54 56 54 55 58 57 58 57 58 58 58 58 57 58 58 58 57 58 58 58 58 58 58 58 58 58 57 57 58 58 57 58 58 58 58 58 58 57 58 58 60 60 60 60 60 60 58 59 60 45 58 58 58 57 57 58 54 58 60 58
57 60 58 58 60 60 59 59 60 60 60 59 60 60 60 60 60 60 57 60 60 60 60 59 60 60 60 60 58 60 60 60 60 60 60 60 60 60 60 59 60 60 60 58 60 60 60 60 59 60 57 57 58 56 54 56 58 57 58 58 55 57 57 57 57 58 58 57 58 58 58 58 58 58 58 58 58 58 58 58 58 58 58 57 58 58 55 58 58 58 58 58 58 57 58 58 58 57 58 58 60 60 60 60 60 60 59 60 60 55 58 58 58 58 58 58 55 58 60 58
58 59 56 51 59 59 58 60 60 60 60 60 59 60 60 60 53 60 54 60 60 59 60 58 60 60 59 59 57 58 58 60 60 59 60 60 60 59 60 59 60 60 60 55 57 60 60 60 60 60 57 54 58 52 55 56 58 52 58 58 55 54 53 57 58 58 58 57 58 58 58 58 58 58 58 58 57 58 58 57 58 58 58 58 57 58 58 56 58 58 57 58 57 58 57 57 58 58 57 58 60 60 60 60 60 60 55 60 60 56 58 58 58 58 58 58 49 57 60 58
59 59 58 59 59 55 60 60 57 60 58 58 55 59 60 60 57 60 58 60 60 60 58 59 60 60 60 60 57 60 59 60 60 60 60 60 60 60 60 60 60 60 60 53 59 60 60 60 60 60 57 55 58 55 57 55 58 55 58 56 55 55 55 58 58 58 58 58 58 58 58 58 58 58 58 58 55 57 58 58 58 58 58 58 58 58 57 56 58 58 58 58 58 58 58 58 58 58 56 58 60 60 60 60 60 60 60 60 60 60 58 58 58 56 58 58 58 58 60 58
56 58 53 59 57 55 60 60 60 60 57 59 56 59 60 60 56 60 56 60 60 59 60 60 60 60 60 60 59 59 60 60 60 60 60 60 60 60 60 60 60 60 60 60 60 60 60 60 60 60 57 55 58 56 54 55 57 57 58 57 56 53 54 58 58 58 57 56 58 58 58 58 58 57 57 58 58 58 58 57 58 58 58 58 58 58 57 58 58 58 58 56 58 58 57 58 58 58 58 58 60 60 60 60 60 60 60 60 60 58 58 58 58 58 58 58 43 58 60 58
59 59 52 50 54 57 58 60 60 60 60 55 56 59 55 60 57 60 57 59 58 60 59 59 60 60 59 58 54 60 60 59 59 60 60 60 60 60 59 58 60 60 60 59 60 60 59 60 60 60 57 52 58 48 49 51 58 57 58 56 54 54 54 54 54 58 58 56 57 58 56 57 58 58 58 58 57 58 58 58 58 58 58 57 56 58 57 58 58 58 58 58 58 58 58 58 58 58 56 58 60 60 60 60 60 60 60 60 60 57 58 58 58 58 58 57 54 58 60 58
56 57 53 58 57 56 60 59 55 60 60 57 57 59 59 60 54 60 52 60 59 59 60 60 60 60 60 60 58 60 60 60 60 60 59 60 60 60 60 60 60 60 60 59 60 60 59 59 56 60 57 58 58 55 51 55 58 57 58 58 56 57 54 57 56 57 58 56 58 58 58 57 57 58 58 58 58 58 57 58 57 58 58 58 58 58 58 57 58 57 58 58 58 58 58 58 58 58 55 58 60 60 60 60 60 60 60 60 60 55 58 58 58 58 58 58 53 58 60 58
58 60 51 59 59 60 60 60 60 60 59 59 59 60 59 59 58 60 59 60 60 59 60 60 60 60 60 59 59 59 60 60 60 60 60 60 58 60 59 60 60 60 60 60 60 60 60 58 59 60 56 52 57 54 53 55 58 56 58 58 55 56 46 56 58 58 58 57 58 58 58 58 58 58 57 58 58 57 57 57 58 58 58 58 58 55 58 57 58 57 57 57 57 58 57 57 58 56 53 56 60 60 60 60 60 59 59 59 60 58 58 58 58 57 57 58 49 56 60 57
52 58 59 47 56 53 60 59 56 59 59 58 54 56 59 60 57 60 50 60 59 58 58 59 60 60 59 60 55 59 60 59 60 60 59 59 60 59 59 60 60 60 60 60 60 60 54 60 54 60 53 56 57 58 53 56 58 56 58 57 56 56 49 53 58 57 58 56 58 58 58 58 58 57 58 58 58 58 58 58 57 58 58 58 58 58 57 56 58 57 58 58 58 58 58 58 58 58 56 56 60 60 60 60 60 60 57 60 60 55 58 58 58 58 57 58 58 58 60 58
54 60 56 59 57 59 60 60 60 59 60 60 57 60 59 60 57 60 52 60 60 59 60 59 60 60 59 58 57 60 58 60 60 60 60 60 60 60 59 58 60 60 60 56 60 60 60 59 57 60 57 57 58 58 56 53 58 58 58 58 57 57 55 56 58 58 58 56 57 58 58 57 58 58 58 58 58 58 58 58 58 58 58 58 58 58 58 58 58 58 58 58 58 57 58 57 58 58 54 58 60 60 60 60 60 59 58 60 60 57 58 58 58 58 58 58 56 58 60 58
55 60 60 59 59 47 60 59 59 59 59 58 57 59 59 60 57 60 56 60 59 60 58 59 60 59 59 60 60 60 60 60 60 60 60 59 60 60 60 59 60 60 59 59 60 60 60 59 58 60 56 58 58 51 51 57 58 58 58 58 57 55 56 58 58 58 58 57 58 58 58 57 57 58 58 58 56 57 58 58 58 58 58 58 55 58 58 57 58 58 58 58 58 58 58 58 58 56 58 58 60 60 60 60 60 58 59 59 60 55 58 58 58 57 58 58 58 58 60 58
54 59 55 59 57 54 60 60 60 60 57 57 58 60 59 60 57 60 58 60 60 60 60 60 60 60 59 60 57 58 60 60 60 60 59 60 60 60 58 59 60 60 60 56 60 60 59 58 58 60 55 57 58 57 56 57 58 58 58 58 54 53 58 58 58 58 58 58 58 58 58 58 58 57 58 58 58 58 58 58 58 58 58 58 58 58 58 58 58 58 58 58 58 57 58 58 58 58 56 58 60 60 60 60 60 60 60 60 60 57 58 58 58 58 57 57 57 58 60 58
59 58 57 57 58 57 58 59 59 60 60 58 59 60 60 59 58 60 55 59 60 60 60 60 60 60 58 60 57 60 59 60 60 60 60 59 60 60 59 57 60 59 60 51 59 60 60 59 58 60 57 57 58 56 51 58 58 57 58 58 55 57 54 57 58 58 58 58 58 58 58 58 58 58 58 58 58 58 57 58 58 58 58 56 55 58 57 55 58 58 58 58 58 58 58 56 57 57 57 57 60 60 60 60 60 58 57 60 60 46 58 58 58 54 58 58 57 58 60 58
57 59 57 57 58 60 60 60 60 60 60 60 60 60 59 60 58 60 58 60 59 60 60 60 60 60 60 59 59 60 60 59 60 59 60 60 59 60 59 58 60 60 60 60 60 60 60 57 60 60 58 56 58 58 53 57 58 58 58 58 56 56 53 57 58 58 58 58 58 58 58 57 58 58 58 58 57 58 57 58 58 58 58 58 58 58 56 58 58 55 58 58 57 58 58 58 58 58 57 56 60 60 60 60 60 60 58 60 60 57 58 58 58 58 57 58 55 58 60 58
58 58 58 53 59 58 60 60 60 60 58 58 58 60 60 60 53 60 55 60 60 59 60 60 60 60 59 59 57 60 60 60 60 60 59 60 59 60 60 60 60 57 60 58 60 60 59 60 53 58 58 57 58 57 56 58 57 58 58 58 58 58 56 58 57 58 58 58 58 58 58 58 58 58 58 58 58 58 58 58 58 58 58 58 58 58 58 56 58 58 58 58 58 58 58 58 58 58 58 58 60 60 60 60 60 60 59 60 60 58 58 58 58 58 57 58 57 58 60 58
55 60 55 60 57 58 60 60 60 60 59 57 60 58 60 60 54 60 57 59 60 60 60 60 60 60 60 60 57 59 59 60 60 60 60 60 60 60 60 58 60 59 60 57 60 60 60 58 59 60 53 58 58 57 49 54 57 54 58 56 51 53 51 51 55 58 58 56 58 58 58 58 57 58 58 58 56 57 58 58 58 58 58 58 58 58 58 58 55 58 58 58 57 57 58 58 58 58 53 54 60 60 60 60 60 60 60 60 60 57 58 58 58 58 58 58 58 57 60 58
57 57 54 57 58 58 58 60 60 60 60 59 56 60 57 60 58 60 55 60 59 60 60 60 60 60 60 60 56 58 60 60 60 60 60 60 59 60 60 60 60 60 60 58 60 60 60 60 60 60 56 53 57 57 54 54 57 57 58 58 54 57 55 55 58 57 58 58 58 58 58 58 57 58 58 58 55 58 58 58 58 58 58 58 58 58 58 58 58 58 58 57 57 58 58 56 58 58 56 58 60 60 60 60 60 60 60 60 60 60 58 58 58 58 58 58 49 58 60 58
58 59 54 51 50 60 60 60 56 60 60 55 57 60 58 60 53 60 57 60 59 58 58 60 60 60 56 60 56 57 60 60 60 60 59 58 60 60 60 60 60 60 60 59 60 60 60 57 56 59 53 54 58 48 55 51 55 56 58 58 57 53 48 53 53 57 58 54 58 58 58 58 56 57 57 58 57 58 58 58 58 58 58 58 58 58 57 56 57 58 57 57 58 58 58 58 58 58 54 58 60 60 60 60 60 60 60 60 60 56 58 58 58 58 58 58 53 57 60 58
51 56 46 56 55 50 60 59 60 60 58 55 55 58 59 60 59 60 57 60 60 57 57 58 60 59 59 59 58 57 60 60 60 60 58 60 58 59 60 59 60 60 60 60 60 59 55 56 55 59 54 52 58 54 50 54 58 58 58 57 53 52 45 53 58 58 58 53 56 58 58 58 58 55 56 58 57 58 58 56 54 57 58 58 58 58 57 58 58 56 57 56 56 58 58 58 58 58 51 56 60 60 60 60 60 60 60 60 60 50 58 58 58 58 57 58 46 56 60 58
56 56 54 51 55 52 60 60 57 60 60 56 59 59 59 60 53 60 52 60 55 60 58 59 60 60 58 58 56 59 59 60 60 60 60 60 59 60 60 60 60 59 60 60 60 60 58 60 59 60 56 55 58 57 54 57 57 58 58 58 58 58 54 58 56 58 58 57 57 58 58 58 58 57 58 58 58 58 57 58 58 58 58 58 58 57 57 57 58 58 57 56 58 57 58 57 58 58 56 58 60 60 60 60 60 59 59 60 60 58 58 58 58 57 58 58 49 58 60 58
58 60 53 60 58 52 60 60 60 60 59 56 56 59 59 60 57 60 55 60 59 59 60 57 60 59 60 60 58 59 59 60 60 60 60 60 57 60 60 60 60 60 60 58 60 60 59 59 55 60 57 57 57 54 51 56 57 58 58 58 54 54 56 57 57 57 58 55 58 58 58 57 56 58 58 58 55 58 57 58 58 58 58 58 58 56 52 58 58 58 58 58 57 58 58 58 58 58 51 55 60 60 60 60 60 60 60 60 60 60 58 58 58 58 58 58 51 58 60 58
55 56 49 50 45 54 59 60 59 59 58 55 55 56 57 59 54 60 55 59 58 59 58 59 59 60 56 58 54 60 60 60 60 60 60 60 58 59 57 57 60 60 60 59 60 60 59 54 60 60 55 53 58 50 46 48 57 57 58 56 51 52 52 52 56 57 58 53 57 58 57 58 58 58 58 57 54 58 58 58 58 58 58 57 58 58 49 58 58 58 57 57 58 57 58 57 58 58 54 55 60 60 60 60 60 58 57 60 60 45 58 58 58 57 57 57 45 57 60 58
58 60 55 57 58 58 58 60 60 60 60 58 60 60 60 60 57 60 58 60 59 60 60 60 60 60 58 59 58 58 60 60 60 59 59 60 59 60 60 59 60 60 60 56 60 60 60 60 57 60 57 57 58 53 52 55 58 58 58 58 54 57 54 57 57 57 58 58 58 58 57 56 58 58 58 58 57 57 58 58 58 58 58 58 58 58 56 58 58 58 57 57 58 57 58 58 58 58 55 56 60 60 60 60 60 60 60 60 60 56 58 58 58 58 58 58 51 58 60 58
53 53 51 54 54 55 60 60 60 60 60 58 55 58 59 60 57 60 54 60 60 54 59 60 60 60 59 60 57 57 60 60 60 59 60 60 60 60 60 60 60 60 60 59 60 60 56 57 58 60 57 55 58 58 52 55 58 58 58 58 54 58 54 57 55 58 58 57 58 58 58 57 58 58 58 58 55 58 56 58 58 58 58 58 58 58 58 58 58 58 57 57 58 57 58 58 58 58 56 58 60 60 60 60 60 60 60 60 60 58 58 58 58 58 58 58 51 58 60 58
51 56 49 55 58 55 59 60 60 60 60 57 55 56 56 60 56 60 55 60 59 59 59 59 60 59 59 59 57 59 60 60 60 60 59 60 60 59 60 60 60 60 60 59 60 60 58 60 57 60 54 47 57 49 48 53 54 51 58 57 53 51 51 57 53 56 58 52 58 58 56 56 56 58 58 58 53 57 58 58 58 58 58 58 57 57 58 58 58 58 58 58 57 57 58 58 58 53 56 58 60 60 60 60 60 58 60 60 60 55 58 58 58 57 57 58 50 58 60 58
51 52 51 50 53 50 60 60 60 60 59 57 55 58 57 60 56 60 51 59 58 56 58 57 60 60 59 58 56 59 58 60 60 58 60 60 60 60 59 60 60 60 60 60 60 59 57 59 59 60 54 49 58 47 46 52 57 56 58 57 53 53 48 54 57 57 58 54 54 58 55 55 57 58 58 58 55 56 57 58 58 57 58 58 57 57 58 56 58 58 58 56 58 57 58 58 58 57 56 58 60 60 60 60 60 60 59 60 60 54 58 58 58 57 56 58 57 58 60 58
60 59 57 57 57 57 60 59 59 60 59 58 58 60 60 60 58 60 58 60 60 60 60 58 60 59 59 60 58 60 60 60 59 60 60 60 58 59 58 59 59 60 60 60 60 60 59 59 60 60 58 57 58 56 54 58 58 58 58 58 55 56 57 58 58 58 58 58 58 58 58 58 58 57 58 58 55 58 58 58 58 58 58 58 58 58 58 58 58 58 57 58 58 57 58 58 58 58 55 58 60 60 60 60 60 57 57 60 60 46 58 58 58 58 58 58 54 58 60 58
59 58 58 58 58 59 60 60 60 59 58 60 59 60 60 60 56 60 55 60 60 60 60 59 60 60 60 59 59 60 60 60 60 60 60 60 60 60 59 60 60 60 60 55 59 60 60 60 60 60 58 54 58 55 53 53 58 57 58 58 52 51 52 58 58 58 58 57 58 58 58 55 58 57 58 58 56 58 58 58 57 58 58 57 58 57 54 57 57 58 58 58 58 57 58 58 58 58 53 56 60 60 60 60 60 59 57 60 60 59 58 58 58 57 57 58 53 58 60 58
60 60 57 56 60 60 60 60 60 59 59 60 57 60 59 60 60 60 56 60 60 60 60 60 60 60 60 58 59 60 59 60 60 60 60 60 60 60 59 60 60 60 60 58 60 60 60 60 60 60 58 56 58 57 54 58 58 58 58 58 57 58 55 57 58 58 58 57 58 58 58 58 58 58 58 58 57 58 58 58 58 58 58 58 57 58 58 58 58 58 58 57 58 58 58 58 58 58 57 56 60 60 60 60 60 60 59 60 60 59 58 58 58 58 57 58 54 58 60 58
51 58 57 58 57 56 60 60 59 59 59 58 58 57 58 60 53 60 57 60 59 60 58 60 60 60 60 58 58 60 60 60 60 60 60 59 60 60 60 60 60 60 60 55 59 60 60 60 59 60 57 57 58 57 57 57 58 58 58 58 58 57 56 58 58 58 58 58 58 58 58 58 58 58 58 58 58 58 58 58 58 58 58 58 58 58 58 58 58 58 58 58 57 58 58 58 58 58 57 57 60 60 60 60 60 60 57 60 60 55 58 58 58 58 58 58 53 58 60 58
55 59 57 59 60 58 60 60 60 60 60 58 57 60 60 60 58 60 57 60 60 60 60 59 60 60 59 60 59 60 60 60 60 60 60 60 60 60 59 60 60 60 60 59 60 60 60 60 59 60 58 57 57 54 53 52 56 54 58 55 56 54 50 54 58 56 58 55 58 58 58 57 57 58 58 58 57 56 58 58 58 58 58 58 58 57 58 56 57 58 58 58 58 58 58 56 58 58 52 55 60 60 60 60 60 60 59 60 60 59 58 58 58 58 57 58 56 58 60 58
50 58 52 59 59 57 58 60 60 59 59 59 58 58 60 60 57 60 60 60 59 59 58 59 60 60 60 60 57 60 60 60 60 60 60 60 60 60 59 59 60 60 60 60 60 60 59 59 60 60 57 56 58 54 53 53 58 49 58 57 54 51 53 58 58 58 58 56 58 58 58 56 58 58 58 58 58 58 58 58 56 58 58 56 53 57 54 58 58 56 58 58 58 58 57 58 57 57 54 56 60 60 60 60 60 60 60 60 60 53 58 58 58 58 58 58 58 58 60 58
53 57 54 57 58 56 60 60 60 60 59 59 55 60 60 60 57 60 54 59 57 60 59 59 60 60 60 60 57 58 59 60 60 60 60 60 60 60 60 60 60 57 60 60 60 60 60 60 56 60 54 55 58 55 52 53 58 58 57 58 53 52 51 58 58 58 58 58 57 58 58 57 56 58 58 57 58 57 56 58 58 58 58 58 58 58 58 57 58 57 57 57 57 58 58 58 58 58 55 58 60 60 60 60 60 60 59 60 60 55 58 58 58 57 56 58 55 52 60 58
57 57 53 51 56 57 60 60 58 60 58 56 59 57 59 60 55 60 50 60 60 58 59 59 60 60 60 57 57 59 60 60 60 60 60 60 60 60 59 59 60 60 60 60 60 60 60 59 57 60 57 56 58 52 47 51 58 54 58 54 56 55 53 56 56 56 58 56 56 58 58 57 57 57 57 58 56 57 58 57 56 58 58 58 58 57 58 58 58 58 58 57 58 58 58 57 58 57 57 58 60 60 60 60 60 60 57 60 60 60 58 58 58 56 56 58 48 58 59 58
55 59 54 58 59 58 57 60 60 60 59 55 58 58 60 60 55 60 58 60 60 58 60 60 60 59 60 60 57 60 60 60 60 60 59 60 59 60 60 59 60 60 60 59 60 60 60 60 52 60 58 55 58 56 51 51 58 58 58 57 54 51 52 55 58 58 58 56 58 58 58 55 56 58 58 58 57 58 55 58 56 58 58 58 58 55 58 58 58 58 58 57 58 58 57 58 58 57 55 54 60 60 60 60 60 60 59 60 60 58 58 58 58 54 58 58 58 58 60 58
52 59 58 60 60 55 60 60 60 60 60 58 56 58 60 60 55 60 58 60 60 60 60 59 60 60 60 59 60 60 60 60 60 60 60 60 60 60 60 60 60 60 60 59 60 60 59 59 58 60 56 56 58 56 50 51 58 53 58 57 54 51 52 54 57 58 58 56 58 58 58 56 56 58 58 58 58 58 57 58 58 58 58 57 57 58 58 58 58 58 57 58 58 58 58 58 58 58 51 57 60 60 60 60 60 59 58 60 60 59 58 58 58 58 58 58 53 58 60 58
56 56 53 56 50 55 60 60 60 60 60 56 54 59 60 60 54 60 56 60 60 59 59 59 60 60 60 59 60 60 60 60 60 60 60 60 60 60 60 60 60 60 60 59 60 60 55 59 57 60 57 55 57 54 54 53 57 57 58 58 57 57 53 58 55 58 58 57 56 58 58 58 58 56 57 58 57 57 57 58 56 58 58 58 58 57 56 57 58 56 57 57 57 58 58 57 58 57 54 57 60 60 60 60 60 60 60 60 60 55 58 58 58 57 55 58 39 58 60 58
58 55 58 54 59 58 59 60 60 59 58 60 56 60 58 60 52 60 56 60 60 60 60 59 60 60 58 58 57 60 59 59 60 60 60 60 60 60 58 59 60 60 60 58 60 60 60 60 58 60 52 50 58 56 55 49 58 57 58 56 55 54 52 57 58 57 58 53 58 58 58 58 55 57 58 58 58 58 58 57 55 58 58 56 57 57 58 58 58 58 57 57 57 57 57 58 58 55 56 57 60 60 60 60 60 57 55 60 60 49 58 58 57 56 56 58 39 58 60 58
54 57 59 57 58 60 60 59 57 60 60 56 57 59 60 60 55 60 57 60 60 60 60 60 60 60 60 58 59 60 60 60 60 60 60 59 60 59 60 59 60 60 60 56 60 60 60 59 59 60 57 57 58 58 52 51 55 56 57 58 57 55 52 55 55 56 58 55 58 58 58 58 57 58 56 58 58 58 58 58 58 58 58 58 56 58 56 58 58 57 58 57 58 58 58 53 58 56 52 56 60 60 60 60 60 58 57 60 60 50 58 58 58 56 55 58 57 58 60 58
53 54 47 51 53 48 56 60 59 60 58 50 53 54 58 59 54 60 56 59 58 59 56 54 60 59 60 58 54 50 59 60 58 60 60 58 56 58 59 56 60 58 60 56 60 60 59 55 57 58 57 52 58 55 51 56 58 58 58 58 53 56 55 57 56 57 58 56 58 58 58 56 58 58 58 58 58 58 58 58 57 58 58 58 58 58 58 58 58 58 58 57 58 58 58 58 58 58 56 58 60 60 60 60 60 60 58 60 59 50 58 58 58 58 57 58 56 58 60 58
58 60 53 58 60 55 60 60 60 59 58 56 59 60 60 60 55 59 57 60 60 60 60 59 60 60 60 60 59 59 59 60 60 60 60 59 59 60 59 60 60 60 60 59 60 60 60 60 60 60 57 56 58 56 51 55 58 56 58 57 55 52 53 58 58 57 58 58 58 58 58 58 57 58 58 58 57 57 57 58 57 58 58 58 58 58 56 58 57 58 58 58 58 58 58 58 58 57 54 56 60 60 60 60 60 60 55 60 60 58 58 58 58 58 57 58 51 58 60 58
56 58 54 56 52 54 60 60 58 60 60 59 55 57 60 59 55 60 57 60 59 60 60 59 60 60 58 59 57 60 60 60 60 60 60 60 60 60 59 60 60 60 60 60 60 60 59 58 58 60 56 57 58 56 49 58 58 57 58 56 56 57 54 58 58 58 58 55 56 58 58 58 57 57 57 58 57 58 58 58 58 58 58 58 57 58 57 57 58 58 58 58 58 57 58 57 58 57 56 56 60 60 60 60 60 58 60 60 60 52 58 58 58 58 57 58 48 58 60 58
51 54 42 45 57 52 58 59 60 58 58 52 54 55 58 59 47 59 51 58 57 59 57 57 60 59 58 59 57 57 59 60 60 60 59 56 46 59 59 56 60 59 60 59 60 60 54 58 55 57 52 55 58 47 48 46 58 57 57 56 54 54 52 58 56 55 58 55 56 58 56 58 57 55 56 58 58 56 57 58 55 56 58 57 58 55 46 57 57 55 58 58 57 58 58 56 58 57 58 56 60 60 60 60 60 59 58 60 56 47 58 58 58 57 57 57 45 57 59 58
50 59 45 58 56 58 60 60 60 60 59 57 57 59 57 60 54 60 55 60 58 58 58 59 60 59 54 58 59 59 59 60 59 60 59 60 60 60 59 59 60 60 60 60 60 60 57 58 57 60 57 54 57 56 53 52 58 56 58 57 53 56 51 57 56 58 57 55 58 58 58 58 58 57 58 58 56 58 57 57 58 58 58 58 58 58 57 57 58 56 57 57 57 58 58 58 58 58 54 57 60 60 60 60 60 54 55 60 60 56 58 58 58 58 58 58 40 58 60 58
53 55 53 55 57 52 60 60 59 60 58 58 58 55 60 60 54 60 51 60 60 60 59 57 60 60 60 60 56 60 60 60 60 60 60 60 59 60 60 60 60 60 60 59 60 60 58 59 58 60 53 53 58 55 51 51 58 57 58 55 54 55 50 52 57 58 58 54 58 58 58 58 58 58 55 58 57 58 58 58 57 58 58 58 58 58 58 58 58 58 58 58 58 58 58 57 58 58 55 57 60 60 60 60 60 60 57 60 60 50 58 58 58 58 56 58 56 57 60 58
56 56 45 58 54 53 60 60 59 60 58 59 57 58 59 60 58 60 52 60 58 60 56 56 60 60 57 60 56 57 57 60 60 59 60 60 58 59 58 57 60 60 60 60 60 60 56 57 59 60 57 58 58 56 53 56 57 58 57 57 58 56 57 57 58 58 58 55 58 58 58 58 58 57 58 58 55 56 58 58 57 58 58 58 58 58 57 58 58 58 57 57 56 58 58 58 58 58 57 58 60 60 60 60 60 58 53 60 60 53 58 58 58 57 56 58 48 58 60 58
49 55 52 53 48 52 59 60 59 58 57 54 54 56 58 58 51 60 53 60 57 58 56 58 60 60 59 60 53 58 60 59 60 59 60 59 60 59 59 59 60 60 60 58 60 60 60 58 55 59 57 52 58 52 48 52 57 58 57 56 55 53 52 54 56 58 58 50 57 58 58 57 55 58 57 57 56 58 58 57 57 58 58 58 57 57 58 57 58 57 57 57 57 58 58 55 58 57 52 57 60 60 60 60 60 60 57 60 60 46 58 58 58 57 57 58 44 58 60 58
54 56 56 58 57 49 59 59 60 59 59 59 59 59 60 59 56 60 53 60 60 59 60 59 60 60 60 59 55 57 60 59 59 58 59 60 59 59 59 60 60 60 60 60 60 60 60 59 60 60 57 56 57 52 49 58 58 58 57 57 56 57 54 55 56 56 58 54 55 57 58 58 58 56 58 58 55 58 58 58 55 58 58 58 58 57 55 57 58 57 58 57 57 58 58 53 58 58 55 58 60 60 60 60 60 59 55 60 59 48 58 58 58 57 53 58 43 58 60 58
59 60 55 58 59 51 60 60 60 60 56 58 57 59 60 60 57 60 57 60 60 59 60 58 60 59 59 60 58 59 60 60 60 60 60 60 56 60 60 55 60 60 60 59 60 60 58 60 53 60 57 52 57 57 52 51 57 57 58 55 53 53 54 55 58 58 57 55 58 58 58 58 58 57 57 58 56 58 58 58 56 58 58 58 58 57 56 57 58 56 57 57 58 58 58 58 58 58 52 55 60 60 60 60 60 60 59 60 60 54 58 58 58 57 56 58 38 54 60 58
54 58 56 55 51 53 60 60 59 59 60 58 59 59 60 59 55 60 53 60 60 59 60 59 60 58 59 56 59 59 58 60 60 60 60 60 60 60 59 58 60 60 60 59 60 60 57 53 60 60 55 48 58 55 45 46 58 57 58 57 54 52 55 54 56 58 58 52 57 58 57 58 55 58 58 58 57 56 58 58 58 58 58 58 56 58 57 57 58 57 58 57 58 58 57 58 58 55 55 54 60 60 60 60 60 56 60 60 60 53 58 58 58 57 52 58 52 58 60 58
56 58 52 57 58 52 60 60 59 60 57 56 55 58 60 60 57 60 58 60 59 57 60 60 60 60 59 60 60 60 60 60 60 60 60 60 60 59 60 60 60 60 60 60 60 60 58 60 60 60 55 57 58 58 55 58 57 58 58 58 58 57 57 58 58 58 58 58 58 58 58 58 58 57 58 58 57 58 58 58 57 58 58 58 58 58 58 58 58 58 58 58 57 58 58 58 58 58 58 58 60 60 60 60 60 60 57 60 60 54 58 58 58 58 55 58 54 57 60 58
50 59 56 60 60 60 60 60 60 60 57 59 59 59 60 60 59 60 56 60 60 59 58 59 60 60 58 60 60 59 59 60 60 60 59 60 58 60 60 60 60 60 60 59 60 60 60 59 60 60 56 56 58 53 56 56 58 58 57 58 58 57 57 55 58 58 58 55 58 58 58 58 58 58 55 58 56 58 58 58 58 57 58 58 58 58 58 56 57 56 58 58 58 57 58 58 58 58 57 57 60 60 60 60 60 58 58 60 59 60 58 58 58 56 52 58 52 58 60 58
54 52 48 57 46 53 60 59 55 60 59 56 55 56 56 60 55 60 52 60 56 60 57 60 60 60 59 59 57 58 60 60 60 59 60 60 58 60 59 60 60 60 60 59 60 60 57 54 57 60 57 57 58 55 51 56 58 57 58 58 57 53 56 58 58 57 58 56 55 58 58 58 58 57 58 58 56 56 57 58 58 58 58 58 57 58 58 58 58 55 57 58 58 58 58 54 58 58 57 58 60 60 60 60 60 60 60 60 60 58 58 58 58 57 57 58 53 58 60 58
53 60 58 55 58 60 60 60 60 60 60 59 59 60 60 60 55 60 53 60 60 59 60 60 60 60 59 58 57 58 60 60 60 60 60 60 60 60 59 58 60 59 60 58 59 60 60 58 60 60 58 55 58 56 58 58 58 58 58 58 55 57 56 58 58 58 58 57 58 58 58 58 58 58 58 58 57 58 58 58 58 58 58 58 58 58 58 57 58 58 58 58 58 57 57 58 58 58 58 55 60 60 60 60 60 60 58 60 60 58 58 58 58 57 58 58 58 58 60 58
58 60 57 55 59 49 60 60 60 60 60 60 58 59 59 60 59 60 57 60 58 58 59 58 60 60 60 60 59 58 60 60 60 60 60 59 59 59 60 59 60 59 60 60 60 60 59 57 59 60 58 56 58 57 54 57 58 58 58 58 53 58 55 58 58 58 58 58 58 58 58 58 58 58 58 58 57 57 58 58 58 58 58 58 58 57 57 57 58 58 58 58 58 58 58 57 58 58 56 58 60 60 60 60 60 58 59 60 60 59 58 58 58 57 58 58 57 58 60 58
60 58 60 56 59 57 60 60 60 60 60 59 59 60 60 60 59 60 58 59 60 60 60 59 60 60 58 60 56 60 60 60 59 60 60 60 59 60 59 59 60 59 60 60 60 60 60 59 60 60 58 56 58 54 53 56 58 57 58 57 56 52 56 56 58 58 58 54 58 58 58 58 58 58 57 58 57 58 58 58 58 58 58 58 58 58 58 57 57 58 58 58 58 58 58 58 58 58 53 57 60 60 60 60 60 55 58 60 60 58 58 58 58 58 57 58 56 58 60 58
58 59 58 57 57 56 60 60 59 58 56 56 57 58 59 59 59 60 55 59 60 59 60 58 59 58 60 59 54 60 58 59 58 59 60 58 51 58 58 52 60 55 60 58 60 60 60 60 60 59 58 58 58 58 53 52 58 58 58 57 57 56 56 56 58 57 58 56 57 58 58 58 57 57 56 58 57 58 58 58 56 57 58 58 58 57 48 58 58 56 57 57 57 57 57 58 58 57 55 58 60 60 60 60 60 59 56 59 55 39 58 58 57 57 52 57 54 58 60 58
54 59 56 57 50 58 57 59 60 60 59 58 60 60 57 60 55 60 56 60 58 60 60 60 60 60 60 59 57 58 60 60 59 60 60 60 60 60 59 59 60 60 60 60 60 60 60 58 60 60 55 56 58 58 51 53 58 56 58 58 56 57 52 56 58 58 58 56 58 58 58 56 58 58 58 58 57 57 58 58 58 58 58 58 57 56 56 57 58 58 58 58 58 58 58 58 58 57 56 58 60 60 60 60 60 60 59 60 60 53 58 58 58 58 58 58 57 58 60 58
56 59 59 57 59 55 59 60 60 60 60 59 56 60 60 60 55 60 56 60 60 59 60 57 60 60 60 60 58 60 60 60 60 60 60 60 59 60 60 59 60 60 60 57 60 60 60 60 59 60 57 54 58 55 48 50 58 56 58 57 56 53 51 56 53 57 58 54 58 58 58 56 58 58 58 58 55 57 58 58 58 58 58 57 58 56 58 58 58 58 58 57 58 57 58 58 58 58 56 56 60 60 60 60 60 60 58 60 60 58 58 58 58 58 58 58 56 58 60 58
55 58 53 60 60 57 60 60 60 60 57 57 59 59 60 60 57 60 59 60 60 60 60 60 60 60 58 59 59 60 60 60 60 60 60 59 58 60 59 58 60 58 60 59 60 60 59 58 58 60 55 53 58 48 48 53 58 45 58 58 54 53 50 53 56 57 58 55 56 58 58 55 52 58 57 58 55 58 57 58 58 58 58 57 58 56 58 57 57 58 57 58 58 58 57 57 57 55 51 57 60 60 60 60 60 59 60 60 60 54 58 58 58 58 58 58 52 58 60 58
60 54 54 55 56 60 59 59 59 60 60 59 59 60 58 60 58 60 60 60 60 60 60 59 60 60 60 59 56 58 60 60 60 60 60 60 58 60 60 59 60 60 60 54 60 60 60 58 60 60 57 55 58 48 51 56 58 56 58 58 56 55 53 57 53 57 58 55 58 58 58 58 58 58 58 58 57 58 57 58 56 58 58 55 57 58 58 57 58 58 58 58 58 57 58 58 58 58 54 58 60 60 60 60 60 60 59 60 60 56 58 58 58 58 57 58 56 58 60 58
56 51 54 57 53 53 60 60 60 60 60 57 57 58 58 60 58 60 55 60 59 60 59 60 60 60 57 58 57 60 60 60 59 60 60 60 57 59 58 59 60 60 60 58 60 60 59 55 60 60 53 57 58 52 48 53 58 53 58 57 54 52 54 56 58 55 58 56 58 58 58 58 57 58 55 58 58 56 58 58 57 58 58 58 58 58 56 56 58 58 58 58 58 58 58 58 58 58 54 58 60 60 60 60 60 60 59 60 60 52 58 58 58 58 58 58 55 58 60 58
57 59 58 53 53 57 60 60 58 60 57 59 59 60 59 60 56 60 56 60 58 60 60 59 60 60 59 60 57 60 60 60 60 60 60 60 59 60 60 60 60 60 59 60 60 60 60 60 58 58 57 57 57 55 52 57 58 58 58 56 56 54 54 57 58 58 58 56 58 58 58 58 58 58 58 58 55 58 57 58 56 58 58 58 58 58 58 56 58 57 57 57 58 58 58 57 58 58 51 57 60 60 60 60 60 60 60 60 60 56 58 58 57 58 55 58 46 58 60 58
56 59 59 52 51 51 60 59 60 59 58 56 60 59 58 60 53 60 54 60 59 60 60 60 60 59 57 58 53 58 60 60 59 60 60 60 55 59 58 55 60 60 60 57 60 60 58 57 57 59 58 56 58 53 46 56 58 58 58 57 54 54 56 56 55 56 58 56 57 58 58 58 57 56 56 58 56 58 58 58 58 58 58 58 57 58 58 57 58 58 58 57 58 58 58 57 58 58 54 54 60 60 60 60 60 59 58 59 60 50 58 58 58 58 57 58 54 58 60 58
58 60 59 58 58 57 60 60 60 60 59 59 59 60 60 60 54 60 57 60 60 60 60 59 60 60 60 59 60 60 60 60 60 60 60 60 59 60 60 60 60 60 60 60 60 60 59 60 59 59 57 57 58 55 55 58 58 58 58 57 58 58 54 57 58 57 58 56 58 58 58 57 58 58 58 58 55 58 57 58 58 58 58 58 57 57 55 58 58 58 58 58 58 58 58 57 58 58 56 57 60 60 60 60 60 60 60 60 60 58 58 58 58 58 57 58 54 58 60 58
56 58 45 57 59 58 60 60 60 59 55 57 58 57 58 60 56 60 58 60 60 59 59 57 60 60 59 57 53 59 58 60 60 60 60 60 59 60 60 59 60 60 60 57 59 59 59 59 60 60 51 52 58 49 46 57 58 56 58 54 54 54 50 56 55 54 58 54 57 58 57 58 58 58 58 58 53 58 57 58 56 58 58 58 57 58 57 57 57 54 58 56 58 58 58 56 58 58 54 56 60 60 60 60 60 58 58 60 60 57 58 58 58 58 52 58 50 58 60 58
60 56 52 57 55 57 59 58 58 59 57 57 57 58 59 59 55 60 59 60 60 60 58 59 60 60 59 53 54 58 59 60 60 60 60 56 59 60 58 53 60 59 60 46 59 60 59 60 53 59 58 55 58 53 54 53 52 49 58 57 49 48 50 52 57 57 58 51 58 56 58 56 56 57 58 58 57 57 58 58 56 58 58 57 58 57 56 56 53 57 58 58 58 58 57 58 58 58 45 52 60 60 60 60 60 58 57 60 60 54 58 57 58 58 58 58 56 57 60 58
58 56 54 59 52 55 60 60 59 60 59 57 56 59 58 60 60 60 58 60 58 60 60 58 60 59 59 60 59 57 60 60 60 60 59 60 60 60 60 60 60 60 60 60 59 60 60 60 59 60 57 55 58 56 48 54 58 56 58 58 56 58 58 58 57 58 58 58 58 58 58 58 57 57 56 58 56 57 58 58 58 58 58 58 57 57 58 57 58 58 58 58 58 57 58 56 57 57 53 58 60 60 60 60 60 60 58 60 60 57 58 58 58 58 53 58 54 56 60 58
59 59 57 56 58 60 59 60 60 60 60 59 60 60 60 60 58 60 59 58 59 60 60 60 60 60 60 60 55 60 60 60 60 60 60 60 58 60 59 57 60 60 60 60 60 60 60 60 58 59 57 56 58 52 52 58 58 56 58 57 54 55 52 52 58 58 58 56 58 58 58 57 58 58 58 58 57 58 58 58 58 58 58 58 58 57 56 58 57 57 58 57 58 58 58 58 58 58 49 55 60 60 60 60 60 60 59 60 60 58 58 58 58 58 58 58 54 57 60 58
51 58 47 60 55 50 60 59 59 60 58 55 57 57 58 60 56 60 59 60 58 58 59 56 60 60 60 59 58 59 59 60 60 60 60 60 60 59 60 60 60 60 60 60 60 60 56 59 58 60 52 47 58 55 44 50 57 56 58 55 55 54 53 53 54 56 58 56 56 58 57 57 55 57 58 58 57 58 58 57 57 57 58 58 57 53 58 57 58 58 58 57 57 58 58 58 58 56 52 58 60 60 60 60 60 60 59 60 59 49 58 58 58 58 57 58 45 58 60 58
56 59 55 58 58 50 59 59 59 60 57 58 55 58 59 59 54 60 56 60 60 58 59 58 60 60 60 59 55 60 59 60 60 60 60 60 56 60 58 58 60 60 60 58 60 60 60 60 55 60 57 56 57 58 50 56 58 58 58 57 57 54 57 57 57 57 58 56 57 58 58 58 58 56 58 58 58 58 58 58 56 58 58 57 58 58 56 58 58 58 57 57 57 57 58 58 58 58 57 56 60 60 60 60 60 59 58 59 60 46 58 58 58 58 57 57 42 57 60 58
52 58 52 57 56 56 59 60 59 59 58 59 58 59 60 59 55 59 52 60 57 60 60 58 60 60 60 57 59 59 57 60 60 56 60 58 60 60 60 59 58 60 60 50 58 59 60 58 59 60 58 57 58 54 51 56 58 56 58 57 55 51 56 57 57 57 58 56 57 58 58 57 58 58 57 58 58 58 58 58 57 58 58 58 58 58 57 57 58 58 58 58 58 58 58 56 58 58 57 54 60 60 60 60 60 60 48 60 60 57 58 58 58 57 58 58 58 58 60 58
57 58 54 60 58 52 60 60 60 59 58 59 58 59 59 60 58 60 57 60 59 59 60 60 60 60 60 60 58 59 60 60 60 57 60 60 57 60 59 60 60 60 60 58 60 60 60 60 60 60 57 52 58 50 49 53 57 57 58 57 56 53 54 55 57 57 58 56 57 58 58 57 58 58 58 57 54 56 58 58 57 58 58 58 58 57 54 57 58 57 58 57 57 58 58 57 58 57 56 56 60 60 60 60 60 60 55 60 60 57 58 58 58 58 58 58 41 58 60 58
50 60 59 57 60 59 58 60 60 60 59 59 59 59 60 60 59 60 56 60 59 60 60 60 60 59 59 59 59 60 59 60 60 60 60 60 60 60 60 59 60 60 60 59 60 60 60 60 60 60 58 58 58 57 57 55 57 57 58 58 58 56 56 58 57 58 58 58 57 58 58 58 58 57 58 58 58 58 58 58 58 58 58 56 58 58 58 58 58 58 58 58 58 58 57 58 58 58 57 58 60 60 60 60 60 60 59 60 60 55 58 58 58 58 53 58 57 58 60 58
