95 105 79 92 88 94 95 110 108 101 89 91 88 99 115 111 98 119 83 119 115 105 112 100 110 101 110 114 116 114 99 103 104 116 112 117 115 108 89 74 111 97 107 89 101 115 112 112 104 119 100 98 109 98 100 99 113 105 105 76 83 78 72 105 113 117 114 108 114 115 116 100 99 94 93 105 111 119 108 102 105 115 102 99 115 103 115 115 114 109 103 95 100 91 98 105 119 114 107 116 119 111 116 117 107 89 98 104 119 112 116 113 108 80 95 102 117 112 117 119
75 94 87 90 95 92 103 108 103 110 94 80 80 108 115 107 85 116 88 118 117 99 103 84 113 89 110 115 119 115 93 97 94 113 107 109 117 98 96 80 109 92 107 103 107 117 113 107 103 118 91 89 96 93 85 99 101 106 111 90 88 75 89 97 112 113 108 87 114 119 118 94 105 89 99 114 118 113 98 102 99 107 100 100 105 106 115 110 118 99 100 100 109 85 94 105 113 107 100 116 119 108 118 115 106 81 77 103 119 108 119 117 114 96 81 110 110 115 114 113
63 92 88 94 105 104 100 104 105 99 86 79 80 97 113 108 85 114 95 116 115 93 111 99 109 93 97 110 117 113 96 105 105 115 97 110 117 105 99 87 112 95 97 96 100 107 100 104 109 118 87 88 99 103 94 104 94 97 91 92 79 80 71 93 110 111 95 90 110 116 116 98 104 78 93 111 114 113 100 108 106 104 110 104 108 101 114 109 116 103 105 96 94 101 98 104 112 107 111 117 119 102 117 112 113 90 81 75 119 104 114 110 114 83 84 84 114 114 118 118
94 103 98 88 104 112 107 109 111 112 106 104 105 115 119 116 111 118 113 118 118 111 116 109 118 108 109 114 115 116 97 113 115 115 112 116 116 112 112 103 118 98 114 101 105 117 113 112 113 118 105 97 115 95 97 108 113 110 110 105 99 102 104 106 113 115 117 112 116 118 118 115 118 111 113 116 118 119 107 115 114 117 105 100 106 116 115 114 119 116 113 106 116 96 95 104 112 116 114 119 119 116 119 118 118 101 101 115 119 114 118 118 117 101 104 109 114 116 119 119
94 98 92 82 101 107 94 110 106 114 107 110 96 109 117 112 104 117 101 119 119 101 112 109 117 106 92 111 115 106 98 112 112 116 108 116 117 108 112 103 115 86 106 91 98 108 107 112 113 119 96 91 109 80 98 106 112 95 111 105 92 92 84 107 113 114 114 108 118 115 115 108 113 103 114 112 115 116 101 112 109 117 104 106 105 113 115 112 116 105 104 104 112 93 98 106 114 113 111 113 119 114 119 114 116 100 77 118 119 115 119 116 110 99 104 115 108 108 119 119
95 107 98 107 110 101 112 115 109 114 90 105 98 116 119 116 102 118 114 119 119 106 112 112 119 103 112 110 114 113 105 113 118 118 109 117 119 117 110 105 118 102 107 92 108 114 105 109 115 119 101 93 114 95 99 98 114 103 114 101 91 97 96 112 118 116 117 112 118 119 119 111 115 116 116 115 112 116 107 116 118 115 111 104 108 113 116 112 119 113 117 106 114 110 106 110 114 114 109 118 119 113 119 119 118 110 97 113 119 119 119 118 112 104 101 111 119 119 119 119
86 89 80 90 93 98 96 107 113 115 105 109 98 114 119 111 112 117 110 119 118 107 115 115 116 110 112 115 118 117 110 107 108 117 113 110 116 101 108 97 117 92 108 110 105 115 115 112 114 119 101 97 111 90 89 102 107 107 114 97 92 90 95 110 111 115 114 100 117 117 118 109 112 106 109 113 117 117 115 104 112 118 104 109 111 112 114 118 119 108 103 101 112 93 106 112 119 115 114 118 119 114 118 119 114 103 96 115 119 117 119 118 117 100 108 115 104 111 119 119
105 102 89 85 104 106 102 115 115 110 101 96 89 107 113 112 98 119 96 117 115 108 112 116 111 100 106 109 110 114 103 96 110 118 107 116 117 107 100 91 117 95 106 104 105 113 108 109 118 118 89 88 111 90 88 96 112 111 114 93 84 82 81 90 109 116 116 105 117 119 116 104 113 111 114 115 115 119 111 107 118 118 107 97 108 118 114 118 119 108 111 101 109 86 109 109 117 117 110 118 118 108 117 117 114 101 92 114 119 116 119 118 113 92 104 99 114 113 119 119
90 100 85 104 100 103 105 108 98 114 101 105 106 114 116 117 107 119 104 119 117 110 117 119 119 106 110 116 115 117 108 110 115 118 111 115 119 112 111 109 119 99 111 109 109 117 112 112 102 119 98 102 117 97 86 103 112 108 114 106 101 100 91 110 110 115 118 102 119 119 119 107 113 113 116 116 117 118 105 114 114 119 107 106 111 109 119 112 119 112 115 109 115 100 109 112 119 112 113 119 119 117 119 118 114 95 100 111 119 114 119 117 117 99 97 113 114 118 118 119
93 84 81 96 101 110 104 112 114 114 84 98 97 114 118 108 103 118 110 119 119 105 115 107 113 100 108 112 118 115 109 106 108 116 97 117 114 107 102 96 116 103 104 106 112 115 108 104 117 119 92 89 102 92 97 106 110 107 113 98 91 89 74 104 114 118 117 101 115 119 119 107 110 108 106 108 119 114 107 110 112 116 101 99 109 107 113 113 119 110 104 96 109 96 100 100 114 109 104 114 119 114 118 117 112 100 92 91 119 117 119 115 116 98 110 103 109 113 119 118
94 99 106 78 95 99 112 114 108 108 85 89 84 100 116 112 97 118 82 119 117 91 108 104 114 91 97 111 113 113 98 101 111 116 94 115 118 104 109 111 116 89 100 99 102 115 93 106 105 118 94 96 104 98 93 101 102 96 108 99 89 83 72 94 111 114 107 97 106 115 119 105 89 101 110 116 117 114 112 110 106 109 113 103 105 103 115 116 119 104 107 100 108 96 106 114 117 108 108 114 119 114 119 117 117 98 86 118 119 114 119 119 112 97 98 107 119 119 119 119
81 102 90 102 99 99 106 109 111 113 97 108 103 111 117 111 105 118 82 119 119 107 117 115 116 107 107 113 112 116 99 113 113 118 112 111 119 113 106 98 116 93 106 98 106 116 114 111 108 119 96 100 115 104 95 96 109 115 109 103 94 99 95 102 113 114 112 100 111 119 119 107 111 100 110 116 116 115 108 114 112 117 109 103 111 112 118 112 119 113 111 110 111 95 106 105 114 112 108 119 119 116 119 117 118 103 93 117 119 116 118 117 117 106 92 112 117 117 119 119
86 105 97 99 99 82 106 110 103 110 98 101 93 109 115 115 105 116 94 116 113 110 100 110 115 99 103 110 119 111 104 108 112 117 108 112 119 109 109 101 118 100 100 100 107 104 107 100 107 117 93 94 104 88 86 106 103 112 110 94 93 85 83 87 114 117 114 92 116 118 119 103 103 106 111 114 116 115 107 102 111 119 105 99 106 108 115 113 118 117 108 98 113 98 99 110 111 106 113 118 119 109 119 114 105 101 86 95 119 114 118 118 114 102 100 100 118 114 118 119
85 109 86 103 98 92 115 119 112 118 100 105 109 114 117 119 111 119 114 119 119 112 116 115 118 110 111 116 116 116 106 118 116 117 113 118 119 114 111 106 117 106 110 95 109 117 110 112 107 119 105 98 113 102 96 97 107 108 119 114 105 102 102 114 116 117 117 103 116 119 119 113 114 114 112 117 118 116 109 119 117 119 110 111 108 114 119 114 119 115 117 111 118 99 105 109 114 112 109 119 119 113 119 116 115 106 101 100 119 116 119 119 118 106 99 102 117 113 119 119
98 95 84 90 92 96 102 104 101 113 105 99 99 112 117 114 90 116 96 116 117 107 117 107 116 107 107 112 113 117 97 108 109 115 105 112 118 115 110 98 113 91 102 89 99 113 110 114 107 119 92 91 106 95 90 101 108 105 112 101 92 95 96 104 115 118 117 111 116 116 119 110 111 99 112 112 117 117 87 111 110 116 95 95 105 110 116 111 119 107 106 107 113 91 96 94 111 108 113 117 119 110 117 117 115 86 80 98 119 105 119 116 108 74 93 105 118 114 119 119
92 97 97 93 103 113 107 114 117 102 93 106 88 107 117 112 106 119 97 119 118 101 115 113 113 102 112 115 115 116 97 103 104 110 114 117 117 107 107 98 110 99 105 105 108 115 111 111 114 119 95 86 102 97 98 108 109 113 116 97 91 87 85 104 118 119 115 109 115 117 118 105 106 105 111 115 118 112 106 109 112 108 114 106 112 111 116 112 118 84 110 112 113 99 100 111 115 110 112 117 119 114 118 114 115 94 85 113 119 116 119 119 118 105 95 107 115 104 119 118
93 99 100 92 106 113 106 116 119 114 99 100 91 111 118 108 94 119 83 118 119 101 114 115 113 95 96 110 116 113 103 113 110 117 95 117 117 112 110 108 119 85 102 98 106 109 106 106 110 117 96 99 110 101 97 107 100 108 110 88 92 93 80 102 113 118 106 102 118 115 119 113 113 98 105 115 118 115 109 111 110 113 113 114 111 112 115 111 118 105 107 107 111 96 115 107 118 113 111 115 119 111 118 115 117 106 95 114 119 117 119 117 115 103 94 117 118 115 118 119
71 99 85 105 99 105 102 112 113 107 96 87 88 110 118 105 98 116 107 116 117 102 115 112 113 98 105 118 113 115 108 107 107 115 108 114 119 109 101 79 115 91 108 101 107 119 106 109 113 115 98 101 113 108 95 107 109 105 105 84 78 75 80 90 110 113 111 103 118 118 118 96 112 105 107 107 113 116 102 110 114 116 107 99 109 105 116 117 115 115 112 101 100 90 94 107 118 108 110 111 119 110 118 114 116 101 86 106 119 116 116 113 114 98 87 104 119 115 119 119
90 90 88 100 105 111 93 108 113 115 106 106 97 114 115 111 100 117 110 118 117 109 107 118 118 107 116 113 115 108 109 111 114 119 117 118 116 115 116 113 118 107 115 111 118 118 109 109 117 119 102 95 106 106 105 110 115 115 117 108 89 105 96 97 107 111 118 109 119 119 118 109 107 115 107 116 112 113 108 116 113 119 115 111 116 111 113 113 119 118 115 108 114 107 112 100 115 114 115 119 119 117 119 118 116 98 102 117 119 119 119 117 116 98 100 115 110 114 119 119
106 110 90 84 88 117 114 108 110 115 102 93 96 116 113 116 106 119 107 119 118 98 108 114 118 101 99 111 111 108 114 114 116 119 109 116 118 118 116 116 119 113 115 111 111 114 111 105 112 118 102 99 105 90 97 105 103 106 115 103 94 91 89 103 107 112 115 106 119 119 119 111 107 114 114 118 116 118 107 114 115 118 116 116 113 112 116 115 118 115 112 110 115 111 115 115 116 114 106 116 119 119 119 117 118 112 101 117 119 115 119 118 114 109 111 114 113 116 119 119
73 74 71 87 88 91 98 111 106 99 75 77 82 108 117 99 91 116 88 119 116 93 100 102 96 88 112 114 115 106 93 91 101 112 110 115 112 80 90 91 111 84 108 105 101 114 90 101 107 117 87 82 99 92 90 101 102 110 96 83 83 69 62 90 116 119 94 90 104 117 119 99 103 84 92 99 116 114 103 100 92 101 100 108 107 106 111 112 118 85 99 85 94 93 102 106 112 109 99 112 119 107 114 116 105 97 86 111 119 109 116 111 113 96 96 102 107 89 118 118
97 90 79 81 105 105 109 117 110 115 100 101 104 111 117 115 102 117 105 116 111 111 109 115 116 104 107 112 113 115 94 108 115 116 116 118 116 110 113 110 118 95 111 106 113 117 105 106 117 118 96 83 107 100 100 108 105 112 114 104 109 103 101 111 109 116 115 110 112 117 119 112 115 108 115 112 112 117 97 106 117 113 111 111 114 109 112 115 119 115 105 94 114 101 107 110 117 111 111 118 119 112 118 119 118 102 89 116 119 117 119 117 118 108 100 115 109 113 119 119
86 100 87 101 94 91 107 113 114 101 90 89 82 103 115 108 90 116 98 119 117 98 113 99 105 86 107 113 113 115 103 105 107 116 104 114 114 108 89 81 117 88 98 107 105 116 107 109 104 115 96 94 102 87 91 106 110 109 101 86 82 82 89 99 111 114 103 95 117 116 119 102 110 94 92 104 111 118 101 106 104 116 109 96 110 105 104 114 119 102 99 98 101 95 92 108 117 114 99 111 119 118 119 117 113 94 96 96 119 119 118 118 112 103 106 104 111 109 116 118
77 98 87 90 83 100 109 114 111 99 88 96 97 105 114 112 97 119 102 118 115 106 116 104 108 99 107 115 104 114 101 109 104 119 110 114 108 107 93 90 118 101 109 102 109 117 112 104 112 118 92 88 107 86 87 90 113 116 114 79 74 79 85 96 115 114 113 107 117 118 117 109 113 113 106 110 110 111 105 111 117 116 108 100 104 113 105 113 118 115 113 109 115 103 96 104 112 110 103 113 118 114 117 113 114 89 91 94 119 104 116 117 108 100 92 95 105 103 118 118
94 107 89 91 106 110 99 109 112 113 93 91 105 113 119 114 101 117 114 119 117 108 115 111 114 97 99 114 117 115 105 108 106 114 107 116 118 106 106 106 116 91 104 108 114 119 112 113 110 117 97 108 116 103 99 110 106 114 111 94 81 92 96 108 111 114 115 110 118 118 116 104 111 107 113 113 113 114 102 112 118 118 101 102 112 115 111 116 116 116 105 95 107 85 94 108 113 114 108 111 119 112 117 118 112 100 90 100 119 115 117 118 115 100 107 112 112 109 119 117
85 97 92 100 95 101 112 114 112 117 114 99 95 106 114 118 105 119 91 119 117 97 110 115 119 109 113 114 112 107 112 115 117 118 115 112 119 112 116 109 119 111 117 117 116 118 98 101 108 118 104 97 114 107 96 109 106 111 113 111 90 101 94 109 114 114 118 102 119 119 119 107 112 106 116 118 112 113 107 111 116 118 117 117 115 110 116 114 119 109 110 106 111 103 115 118 117 110 110 119 119 116 119 119 119 111 108 115 119 117 119 119 115 109 105 116 112 118 119 119
87 99 82 100 104 105 106 112 110 115 96 103 96 106 113 116 107 119 104 119 118 106 110 110 116 103 111 115 112 109 109 114 115 119 107 115 117 111 115 115 117 110 109 108 110 116 103 108 113 119 97 78 109 85 87 103 102 91 118 103 94 91 86 108 110 113 118 105 119 119 116 107 107 118 116 117 106 115 110 113 117 118 116 110 110 108 115 114 119 118 119 108 112 110 115 118 119 104 110 119 119 116 118 118 117 103 101 113 119 114 119 119 118 98 101 115 110 109 119 119
79 85 75 80 93 91 114 113 106 116 106 105 93 108 112 113 99 116 88 118 116 103 111 112 117 109 103 110 114 106 102 112 114 114 107 115 119 108 109 113 116 101 107 98 109 112 110 110 113 119 90 95 114 88 90 104 105 108 116 102 85 83 77 94 108 109 116 98 104 117 112 95 110 116 112 114 111 111 103 115 114 115 111 106 112 111 118 113 119 114 117 101 114 102 100 110 115 109 110 115 119 114 119 119 115 107 92 118 119 113 119 117 114 109 95 113 117 114 119 119
89 106 83 95 99 96 109 116 113 111 91 99 98 112 117 118 106 118 114 117 116 109 114 108 113 100 108 116 114 115 94 100 111 118 100 118 116 110 101 92 115 91 107 105 107 116 109 112 114 119 95 96 104 88 93 108 104 109 109 101 97 100 97 103 115 117 113 106 116 117 118 111 113 103 112 111 111 115 98 106 117 119 113 110 111 109 116 115 117 108 100 100 101 89 107 112 117 112 105 118 119 104 116 109 98 69 77 101 119 105 117 118 94 78 80 99 114 109 118 115
95 97 95 96 100 113 105 115 114 111 102 96 96 106 116 114 101 119 96 119 117 111 116 112 114 98 112 114 117 113 105 110 115 118 108 117 114 112 108 100 116 100 103 103 110 119 115 118 112 118 99 97 112 104 98 108 114 111 115 94 83 94 95 109 116 118 115 109 119 119 119 106 115 104 110 112 112 117 102 111 115 117 111 99 113 114 113 114 117 110 110 103 113 92 92 112 119 116 109 116 119 116 119 118 116 83 85 111 119 118 119 116 114 81 90 101 114 108 116 118
101 105 96 98 103 112 109 117 117 113 84 95 88 112 117 117 88 116 97 118 118 98 114 99 115 102 110 112 117 114 91 111 113 116 106 117 118 112 111 104 113 99 109 105 112 119 103 104 117 119 103 95 105 99 95 107 108 110 112 89 89 94 96 109 118 118 110 110 119 116 119 104 114 98 105 112 118 116 103 108 114 98 110 107 109 110 118 111 118 94 108 99 109 100 105 102 117 111 114 114 119 111 118 119 116 94 88 100 119 118 119 119 112 104 98 114 115 118 118 119
81 97 93 97 101 103 99 112 110 107 103 108 106 107 116 104 91 117 108 118 118 113 117 103 118 111 111 115 115 117 101 108 109 111 112 115 119 104 105 92 112 90 116 97 103 117 112 112 115 118 109 103 112 91 96 110 111 110 109 99 98 89 96 106 116 115 114 104 116 118 118 106 113 105 111 112 112 117 109 109 110 116 104 105 111 113 117 119 118 104 112 101 112 93 102 106 119 116 116 117 119 114 119 119 116 104 90 105 119 114 119 118 111 100 96 105 113 110 119 119
91 105 99 103 107 104 115 115 116 113 100 103 98 109 116 115 103 117 99 119 118 109 113 111 116 102 107 115 118 114 106 116 106 119 111 114 119 113 105 96 118 106 111 102 109 117 112 111 109 118 97 98 102 94 97 94 96 94 117 92 97 97 90 94 116 117 108 108 119 118 119 110 114 100 113 115 118 116 108 114 116 116 112 114 113 113 117 115 117 113 109 111 114 100 109 110 119 113 107 114 119 115 119 118 118 101 99 96 119 118 119 119 118 104 102 113 117 114 119 119
74 97 84 97 110 102 91 105 113 115 94 97 104 112 119 104 102 115 111 119 117 105 108 111 114 104 109 117 116 113 100 111 107 116 112 111 117 109 95 98 118 92 114 101 104 115 106 109 113 119 98 95 107 95 101 95 109 96 100 96 91 91 94 111 116 118 102 102 117 119 119 105 116 93 108 113 117 116 108 115 104 114 107 102 105 111 111 111 119 97 111 93 105 97 95 101 115 113 110 117 119 112 119 119 109 97 94 105 119 112 118 118 113 100 103 111 118 115 118 118
83 101 87 102 107 105 108 116 114 114 103 106 102 112 118 114 111 119 103 117 111 105 109 115 112 100 111 117 113 110 105 105 112 115 109 118 119 109 104 110 116 89 110 109 114 116 109 113 110 118 86 91 111 91 96 97 113 116 116 109 95 95 91 111 117 118 116 115 114 116 118 106 105 113 115 113 117 117 100 114 116 118 112 113 116 116 116 116 119 115 113 110 114 90 106 112 118 114 106 118 119 116 119 119 114 105 94 106 119 114 119 119 107 97 99 98 116 95 119 119
94 97 87 82 106 113 113 116 117 116 99 98 94 109 115 118 101 119 94 119 119 104 110 114 118 107 117 109 113 111 97 109 113 119 110 118 117 113 116 109 116 99 108 107 112 115 111 112 115 119 94 100 112 90 82 99 115 101 116 97 103 95 92 106 112 113 117 106 117 119 118 111 108 114 111 118 115 112 103 113 114 119 108 108 113 113 117 114 119 112 114 115 119 107 107 105 115 111 107 118 119 117 119 116 118 100 83 98 119 119 119 119 118 101 94 95 109 108 118 119
92 105 89 102 110 111 105 114 117 114 94 84 99 101 118 114 100 119 112 119 119 98 113 116 117 92 106 105 115 108 110 109 117 118 107 118 117 115 110 108 119 104 110 97 104 111 112 113 108 118 103 94 118 91 94 98 112 107 115 107 97 95 85 109 119 119 114 113 112 116 115 100 105 106 117 116 118 115 105 107 111 114 111 112 112 96 109 112 116 113 116 107 114 105 109 107 116 105 97 107 119 115 119 119 118 96 92 117 119 117 119 118 115 97 105 117 119 114 119 118
76 101 87 98 106 98 115 116 113 118 94 107 93 100 117 115 104 118 97 119 119 111 113 110 117 105 111 115 119 118 106 110 115 118 112 117 118 114 106 104 116 97 107 111 108 119 111 113 107 119 98 86 112 94 91 102 117 107 113 98 86 88 94 104 114 119 116 108 115 119 119 108 110 111 111 113 119 115 105 105 114 117 113 107 110 110 117 118 119 107 111 105 114 96 109 106 117 114 105 117 119 117 119 115 117 92 79 113 119 118 118 113 116 99 101 106 112 110 119 119
97 95 79 98 86 99 107 117 107 100 102 96 83 104 116 109 93 118 92 118 119 104 112 108 110 102 108 111 119 110 96 114 109 118 105 117 118 108 99 101 114 95 97 98 100 112 98 103 107 118 92 95 99 81 80 90 109 103 104 98 94 86 81 96 113 113 112 88 99 119 118 113 112 81 83 119 114 114 111 107 105 119 113 106 112 104 111 113 119 107 108 106 108 106 108 111 118 114 109 116 119 114 118 116 110 85 95 98 119 114 119 115 108 98 101 105 98 108 118 119
89 84 93 85 98 100 105 116 107 107 91 99 87 106 117 110 71 115 102 117 114 97 113 98 114 97 103 115 115 114 102 100 108 112 109 112 118 110 100 92 114 101 111 113 116 116 104 112 109 119 86 78 116 96 98 95 113 106 115 85 90 89 94 100 100 112 102 77 110 115 118 102 103 104 101 114 114 116 105 106 100 115 102 96 106 106 116 114 118 103 112 108 111 105 93 103 117 108 110 117 119 111 117 113 109 67 80 105 119 108 117 116 110 82 87 112 99 104 119 117
80 89 94 79 90 102 95 93 88 107 95 93 86 98 108 99 98 113 95 117 117 102 103 105 103 101 100 110 117 110 95 103 97 112 104 104 116 103 98 88 110 85 99 91 99 112 99 101 111 118 92 92 105 89 88 93 91 95 105 85 85 78 78 81 105 105 105 91 116 116 118 97 98 94 98 103 114 112 103 101 103 107 110 103 109 105 113 114 119 86 106 95 105 90 97 101 115 107 106 115 119 110 118 118 111 84 80 95 119 109 116 116 113 68 78 90 118 109 119 119
92 90 82 96 98 94 94 106 115 107 74 77 91 111 117 100 103 116 110 116 113 85 108 95 109 84 111 113 113 97 100 112 98 117 106 112 113 107 107 81 113 80 106 101 96 117 97 100 108 115 98 90 108 105 97 108 111 114 112 87 77 97 86 103 108 118 110 106 116 116 116 84 113 105 99 109 115 113 89 109 105 116 106 104 114 88 110 109 117 98 107 98 111 85 91 104 115 111 110 116 119 111 116 115 114 104 84 110 118 109 116 113 110 102 85 109 117 113 118 116
96 108 90 108 116 104 118 117 115 116 102 105 104 111 119 118 107 118 112 118 119 107 116 115 119 110 117 115 118 116 108 114 115 118 112 115 118 115 114 117 119 112 114 110 116 117 112 106 115 119 107 106 116 103 96 104 113 106 119 103 94 87 94 115 112 114 116 111 117 118 119 114 111 117 114 117 115 116 113 114 115 118 116 114 111 113 115 117 118 116 118 115 117 112 112 112 118 115 108 117 119 116 119 119 113 102 84 111 119 117 119 119 118 109 106 117 112 115 119 119
90 94 77 98 87 105 107 119 110 117 96 103 97 110 118 112 90 118 104 119 117 107 113 108 111 99 100 111 114 118 101 105 107 116 111 119 119 107 106 93 118 93 112 109 110 116 111 107 114 119 94 94 107 94 79 107 109 109 115 104 95 95 90 102 114 117 112 96 108 116 119 103 109 107 112 115 116 114 107 107 114 115 113 111 112 111 113 108 118 112 115 109 114 104 108 105 115 110 110 112 119 114 119 118 115 75 80 113 119 111 119 117 109 91 88 93 109 107 119 118
73 83 62 60 90 96 98 101 100 75 81 68 66 81 113 96 61 112 61 114 105 85 98 81 92 91 101 109 112 107 84 87 88 111 97 113 97 90 82 67 107 87 97 101 91 114 90 99 110 116 72 79 95 68 75 76 101 93 90 85 82 76 74 83 95 108 101 81 92 107 108 94 98 80 91 105 115 107 90 92 76 92 101 99 104 89 89 111 116 78 91 89 90 93 101 96 111 102 106 115 119 103 111 103 104 81 76 88 115 106 108 105 102 78 95 89 104 99 117 111
80 97 83 102 106 110 108 114 116 113 109 108 110 113 114 107 104 118 99 118 117 113 115 113 116 103 99 114 117 116 102 109 108 119 113 113 118 116 104 109 118 107 115 109 116 119 112 115 110 117 96 92 112 101 95 101 113 111 116 101 94 97 89 108 113 117 114 104 117 118 119 111 113 109 112 116 115 116 108 112 114 117 114 115 114 113 114 115 119 107 114 109 114 105 115 116 117 116 111 118 119 116 118 118 113 85 88 109 119 115 119 116 117 104 93 116 98 107 119 119
91 92 83 94 100 101 112 115 109 118 108 111 88 103 119 115 96 119 91 119 117 107 109 107 119 103 109 115 113 111 101 113 114 118 105 117 118 118 116 104 118 105 112 104 112 117 102 107 114 119 91 93 115 103 96 97 109 105 116 100 101 102 84 95 113 116 117 101 117 118 118 111 108 111 105 118 117 114 109 108 113 116 111 106 110 112 119 114 119 114 113 109 117 106 111 104 113 111 109 116 119 115 119 119 119 105 92 118 119 109 119 116 114 108 90 118 117 109 119 119
82 89 76 96 95 97 93 118 115 106 100 98 96 105 115 105 100 118 90 119 110 110 107 99 114 106 110 114 110 113 90 100 94 115 110 117 114 97 82 82 116 93 114 112 116 117 106 109 115 118 88 84 105 97 92 97 98 106 108 97 99 100 96 101 110 110 107 99 114 119 119 107 113 94 105 112 103 110 111 98 112 117 117 111 110 112 110 113 119 104 104 96 104 94 109 111 113 110 110 118 119 118 118 119 113 86 75 100 119 112 118 118 110 90 79 109 108 109 119 117
72 85 77 79 79 95 91 109 105 103 85 85 85 88 109 101 60 115 71 116 110 95 99 77 109 90 102 108 109 109 87 95 104 100 98 108 116 101 95 77 96 88 99 94 97 112 102 98 94 115 93 81 96 80 78 90 91 104 88 81 87 80 82 92 94 108 103 63 91 110 118 100 100 88 86 104 111 108 101 95 93 107 104 102 101 101 115 112 115 87 96 84 87 93 99 99 114 104 104 109 119 107 119 115 106 90 77 109 119 105 117 116 108 92 87 110 104 101 118 118
65 86 73 86 95 84 99 106 104 104 95 98 85 93 115 100 88 115 72 117 112 93 105 106 105 92 103 107 109 105 99 93 95 97 105 112 111 99 97 95 112 86 104 97 102 113 97 100 116 119 79 81 98 81 83 100 104 99 108 98 92 78 77 77 101 108 110 77 80 109 117 98 103 88 101 108 111 110 101 93 90 103 109 107 103 99 108 114 119 88 99 88 109 94 96 108 115 109 106 119 119 105 119 114 105 74 78 89 118 107 117 115 95 88 82 101 103 100 117 119
87 92 83 86 98 95 102 116 111 92 74 87 94 109 117 114 78 118 99 119 118 98 114 82 110 89 112 118 116 117 97 103 94 116 107 117 112 103 89 74 114 89 101 114 107 116 105 114 104 119 97 85 97 94 80 90 104 101 105 87 92 88 86 93 110 114 105 80 114 115 118 110 115 104 99 109 105 115 99 105 92 106 109 105 107 106 99 111 116 95 101 100 106 98 105 108 115 111 99 111 119 113 116 112 113 85 90 105 119 113 119 118 104 97 94 110 97 107 119 114
78 95 84 100 90 88 110 115 108 112 104 108 106 109 114 111 99 118 101 118 117 111 110 112 115 104 102 110 117 110 93 107 108 118 113 114 117 110 98 97 118 101 114 109 109 114 107 97 112 118 95 78 110 98 79 91 116 116 117 99 94 90 96 93 111 111 118 101 114 119 118 111 108 109 108 115 116 114 105 108 111 117 109 107 93 110 114 110 119 103 109 102 115 107 102 97 111 106 114 115 119 115 119 119 112 84 87 95 119 112 119 115 116 97 82 105 110 104 119 119
85 95 80 92 89 92 105 113 99 113 103 90 89 103 118 112 104 115 104 117 116 96 110 108 113 107 107 113 115 114 88 89 113 117 112 113 114 105 107 104 118 90 110 101 106 113 106 101 118 118 77 93 111 92 86 100 94 99 113 101 100 90 94 105 114 117 115 110 114 108 116 103 113 104 107 110 116 116 102 104 115 111 102 103 104 106 115 116 118 116 111 97 108 85 100 109 118 112 114 118 119 107 116 113 111 80 75 109 119 113 118 110 110 89 84 106 112 95 119 119
84 102 96 104 104 111 100 117 116 108 87 89 85 111 118 107 99 119 91 118 116 96 107 102 115 109 105 116 114 111 110 112 106 118 113 117 113 109 106 92 118 112 116 117 115 118 103 109 114 117 99 99 114 96 101 110 112 116 105 96 94 92 87 102 119 115 114 108 118 119 118 108 109 106 93 114 111 112 106 109 111 115 110 112 116 111 114 111 118 109 109 108 109 98 107 110 117 113 110 117 119 115 119 119 114 88 91 99 118 119 117 116 114 88 83 82 113 110 119 118
95 91 80 106 83 97 118 116 105 103 99 101 102 108 113 115 102 118 97 118 114 111 112 114 114 108 104 115 115 115 105 116 114 118 113 117 115 115 107 97 119 104 113 108 107 116 108 105 113 119 98 93 113 90 85 100 117 100 115 112 101 92 103 107 113 113 114 103 108 118 119 115 115 107 110 117 116 114 117 104 114 114 118 115 114 111 117 116 119 111 115 103 114 108 114 111 119 113 111 118 119 113 118 115 118 100 96 105 119 117 119 119 115 102 90 98 111 110 118 118
90 101 109 75 97 117 100 112 112 104 99 96 98 109 116 106 97 118 101 118 119 102 116 104 111 98 106 113 114 117 106 106 110 116 102 117 115 110 103 99 114 96 111 99 105 116 108 99 116 119 92 99 108 86 100 114 113 110 108 94 90 87 98 104 115 116 115 106 115 119 119 107 116 103 102 109 113 115 106 105 110 119 108 102 106 108 116 112 118 112 107 106 108 84 96 108 116 112 109 114 119 112 117 118 118 103 97 110 119 117 119 117 117 103 110 110 119 116 119 119
88 96 88 91 106 90 108 117 112 107 95 104 100 113 113 110 110 119 104 118 113 110 114 106 111 94 113 116 116 110 109 105 113 119 113 112 116 103 111 98 117 83 108 115 116 116 107 101 106 119 85 94 108 97 97 106 105 109 114 98 89 101 93 112 117 118 110 106 111 117 119 108 111 109 111 110 116 108 108 102 118 116 116 114 116 114 110 109 119 113 115 102 113 94 102 112 113 110 112 119 119 118 119 119 117 96 101 107 119 118 119 118 109 92 108 107 118 105 119 119
95 89 95 99 109 107 103 117 115 107 96 95 104 112 119 115 107 119 114 118 117 106 115 109 113 99 107 115 112 114 113 107 112 118 100 117 117 111 104 97 119 101 112 108 111 115 107 104 116 118 101 99 111 101 97 105 111 114 111 92 91 87 92 105 115 114 116 98 118 119 119 101 113 97 96 116 115 116 109 116 115 118 113 109 109 111 118 117 117 108 115 112 106 98 104 113 116 114 102 117 119 112 119 116 116 79 94 106 119 117 119 119 109 94 99 100 117 117 117 118
81 92 77 81 95 94 86 100 100 75 76 63 64 84 111 93 66 108 73 110 104 84 100 68 86 82 101 116 108 111 84 83 67 103 98 98 95 76 71 53 100 69 89 97 97 115 95 96 99 115 87 87 94 96 92 94 92 97 86 71 78 79 78 76 93 100 93 73 98 109 112 85 87 82 70 95 98 102 93 91 75 93 96 81 95 89 84 104 111 74 77 76 86 81 80 103 108 90 98 106 115 95 110 110 93 76 75 89 114 98 110 110 98 79 81 88 114 109 115 113
82 100 86 99 88 104 101 110 112 112 91 86 92 113 114 108 98 118 100 118 115 102 110 112 111 97 93 112 114 110 92 103 104 115 101 116 118 105 100 93 116 93 97 101 103 113 103 95 110 118 85 97 107 107 95 102 105 98 104 88 85 89 91 102 115 115 115 93 115 117 117 98 107 103 98 106 113 112 101 102 110 117 93 103 105 103 109 110 117 106 102 93 99 85 89 103 114 107 111 119 119 111 118 118 108 97 93 98 119 112 119 119 110 99 112 108 118 117 119 119
84 103 89 102 107 94 107 117 116 112 103 99 96 114 119 113 94 118 89 119 118 110 116 108 118 107 116 114 116 117 105 108 107 115 115 116 117 111 105 92 118 94 114 109 118 116 115 114 115 119 105 97 116 102 88 97 117 108 116 91 88 95 87 105 107 114 116 91 115 119 119 103 114 112 115 113 113 117 106 113 115 116 111 101 117 110 117 115 118 111 116 101 116 95 100 113 117 114 112 116 119 117 119 119 113 102 100 113 119 117 118 116 115 105 111 108 115 115 119 118
81 88 78 92 99 100 109 106 104 104 81 82 97 107 114 104 89 113 102 115 111 103 109 101 113 92 105 114 116 114 98 95 101 114 109 100 112 96 94 82 108 90 106 98 106 115 111 108 110 116 89 89 110 83 92 100 111 88 107 89 84 76 73 83 107 112 117 86 115 118 118 102 91 92 93 108 111 110 96 108 99 116 101 98 107 107 114 111 117 103 99 101 101 93 87 93 113 108 99 112 119 110 118 111 113 92 98 113 119 113 117 116 110 97 103 110 112 115 118 119
98 86 79 82 90 104 104 106 104 107 93 92 96 113 114 110 100 118 111 119 116 102 115 106 117 100 111 114 110 114 105 110 108 115 107 110 116 109 106 97 115 92 111 98 109 115 112 102 113 119 102 91 107 81 90 108 113 107 115 103 93 84 79 99 98 113 114 100 116 118 118 106 113 110 112 110 115 114 95 110 110 115 99 96 99 109 115 112 118 117 110 100 116 93 102 101 112 109 106 117 119 115 118 115 108 100 87 109 119 115 117 117 113 102 93 100 114 114 119 118
76 71 78 90 91 100 104 116 109 108 92 86 88 101 111 111 85 119 97 118 115 103 107 105 115 99 99 111 112 111 105 100 108 115 101 113 113 105 102 103 114 93 105 106 111 114 106 98 117 119 84 91 103 82 83 98 99 94 106 91 91 83 91 100 109 111 112 95 115 116 118 104 110 106 96 111 114 109 100 107 110 114 105 103 108 109 113 110 119 113 109 98 105 83 105 98 111 107 104 117 119 112 116 114 108 87 85 106 119 111 119 115 105 100 86 111 115 111 119 118
95 106 94 90 100 101 113 117 112 109 96 104 105 113 115 119 105 119 106 119 117 112 117 112 111 101 106 118 112 118 94 104 108 118 107 117 118 96 100 107 119 85 105 102 104 117 113 114 110 117 95 103 110 91 94 103 109 113 113 98 94 87 93 105 116 118 114 106 117 119 118 113 113 105 107 113 114 119 110 110 104 114 115 108 113 115 116 117 119 109 106 92 109 105 110 113 115 111 102 117 119 113 119 118 111 88 90 114 119 115 119 116 103 103 91 105 107 103 119 119
79 98 98 94 97 98 100 116 113 90 79 92 94 106 113 104 89 119 94 119 116 94 114 101 113 96 91 110 106 112 104 108 101 116 94 118 112 103 85 73 117 98 99 94 101 112 103 105 108 118 91 94 97 89 76 98 106 109 97 86 86 88 89 101 105 116 112 99 113 117 119 106 106 105 110 108 113 111 106 103 117 115 107 100 97 105 112 102 119 111 98 94 98 95 103 102 111 101 106 115 119 107 118 114 114 94 98 88 119 109 116 113 106 88 89 103 112 111 119 119
100 100 96 93 99 101 105 116 118 111 98 97 97 107 118 114 93 118 99 119 118 102 116 96 112 101 106 117 118 117 100 107 103 118 100 118 118 108 110 100 113 99 107 104 103 117 112 115 113 118 101 99 114 92 100 111 113 118 113 95 90 100 87 98 110 115 116 106 115 116 118 108 113 95 113 110 115 116 97 105 114 115 105 103 107 109 112 109 118 107 106 93 106 97 96 106 113 111 112 116 119 112 117 116 118 91 88 95 119 117 119 118 113 96 99 104 115 115 119 119
93 89 71 97 99 105 115 111 117 114 90 93 99 109 113 115 97 119 104 119 118 103 112 102 118 102 108 113 106 115 100 110 115 118 99 116 115 115 111 109 114 108 110 100 106 117 112 112 115 119 87 90 109 95 88 108 114 106 114 93 90 94 91 104 110 111 119 97 116 119 118 109 114 107 108 112 106 114 108 112 106 118 112 101 105 108 114 110 118 112 111 105 113 103 99 108 114 112 108 116 119 114 119 119 115 92 95 117 119 116 118 119 114 97 100 114 111 117 119 119
83 77 86 86 91 92 87 99 100 93 87 91 97 100 116 98 94 116 98 119 118 104 105 109 108 99 109 105 112 106 102 101 92 119 103 103 117 104 92 73 116 85 98 83 106 114 105 107 94 115 100 89 109 82 90 98 90 82 95 93 76 74 79 89 113 109 110 94 115 111 118 98 100 86 103 103 114 114 99 106 105 114 97 93 106 108 108 105 110 103 106 89 97 93 88 92 112 110 94 108 119 107 116 114 114 88 84 106 119 113 113 113 114 102 100 106 116 111 119 119
87 94 86 102 89 98 109 113 109 111 99 99 100 110 114 114 114 118 108 118 114 106 112 100 115 97 105 117 117 103 105 109 113 117 110 118 119 111 108 102 115 103 102 107 105 117 109 108 111 118 93 96 114 106 88 108 111 110 117 95 93 96 90 104 116 115 116 100 117 119 119 107 109 110 96 117 111 115 108 109 110 117 103 97 106 103 116 112 119 101 116 109 117 97 103 107 111 115 110 119 119 109 119 118 116 100 88 112 119 116 119 116 108 104 92 110 115 108 119 119
92 104 86 97 94 104 98 109 114 106 102 90 96 113 119 106 87 119 114 116 116 108 119 100 114 101 114 116 113 119 107 108 101 118 109 119 112 108 93 76 114 95 107 107 113 118 115 117 113 118 101 101 116 92 103 116 111 109 108 85 92 88 89 94 114 112 117 102 116 119 117 105 112 98 95 110 116 115 109 107 108 115 111 102 106 111 114 111 117 108 110 102 104 94 100 112 115 114 98 112 119 116 117 117 113 103 99 110 119 117 117 116 118 98 99 111 113 111 117 119
75 91 67 100 90 84 98 97 101 107 95 81 94 100 114 105 89 112 97 118 112 97 108 90 113 98 98 111 116 110 99 98 104 116 109 104 118 110 108 102 114 92 103 94 95 105 99 100 106 116 86 73 99 93 74 92 97 98 110 87 77 87 84 96 111 111 108 102 108 114 114 96 100 104 105 112 115 106 102 101 113 108 99 104 102 100 113 106 118 113 106 95 107 93 96 103 108 105 94 118 119 114 118 118 113 103 83 110 118 108 117 114 110 99 85 99 105 114 119 119
91 106 86 91 99 92 106 109 111 109 86 98 82 109 115 110 92 119 108 119 117 96 107 111 112 98 109 110 112 109 105 105 113 117 110 119 111 108 107 106 118 97 112 97 114 115 100 111 107 118 102 91 104 94 89 103 111 113 110 93 88 89 99 108 117 117 114 110 112 117 119 97 115 96 110 106 117 112 107 107 107 116 113 105 112 113 112 110 119 111 112 98 108 94 98 103 112 112 112 117 119 109 114 117 114 92 84 91 119 105 119 109 115 92 86 93 99 106 117 118
82 95 89 94 98 101 107 115 110 114 104 106 100 114 119 115 102 116 103 118 115 112 114 110 118 108 107 112 118 115 94 110 114 110 112 111 117 115 111 100 106 106 113 95 107 114 114 110 112 119 100 96 115 99 92 110 116 112 117 103 93 90 100 109 115 116 116 107 116 117 119 106 110 111 112 118 117 115 107 114 112 117 105 100 102 105 115 109 119 116 113 109 115 99 99 100 107 109 117 113 119 115 118 119 115 95 74 114 119 116 118 118 117 103 91 114 119 116 119 119
94 102 92 102 98 96 113 114 112 117 105 105 101 108 115 114 108 119 102 119 116 105 115 115 118 107 115 114 117 115 103 108 114 116 111 117 116 117 116 112 118 102 116 99 113 117 111 112 118 119 100 98 119 86 86 98 117 107 118 105 94 83 85 97 110 108 119 104 113 118 118 110 110 115 110 115 105 115 112 115 113 119 117 112 116 110 113 117 118 116 118 106 114 105 113 115 119 116 113 117 119 111 117 118 113 105 89 98 119 116 119 117 112 108 97 113 102 113 118 119
79 109 99 95 109 107 100 108 108 114 111 112 110 115 118 116 115 119 113 119 118 111 113 117 116 102 105 112 117 114 109 116 115 117 105 117 119 115 116 107 118 111 113 109 111 112 110 103 116 119 106 104 116 102 100 108 112 109 116 109 105 104 92 114 113 115 116 111 113 118 118 110 111 109 113 117 119 116 110 118 114 115 106 101 109 111 119 113 119 115 114 111 117 113 107 106 114 115 113 119 119 117 119 118 117 103 90 117 119 114 118 118 116 110 83 114 118 118 119 119
