90.4
88.55
87.6833
96.0667
92.8167
96.0167
94.5833
93.0333
95.7333
92.9333
91.3833
94.4333
92.2833
96.6667
91.7167
93.6667
93.7833
92.2
96.1667
96
86.7333
94.9667
90.5333
91.1167
94.1833
96.25
94.6667
92.8667
92.45
94.2333
93.8333
94.15
94.85
92.9167
94.7167
94.6167
94.5833
94.4667
91.1167
90.7
87.4333
90.5167
97.4667
92.8167
80.65
95.4
94.55
91.1333
84.2667
85.9667
89.3333
92.4
91.0833
93.5167
94.5833
93.4667
94.05
94.35
78.7333
90.8833
94.9833
89.0667
92.1
89.9667
94.1333
89.3667
93.2167
93.3833
87.55
93.6667
93.25
88.5167
91.8667
94.3833
95.25
96.55
