58.05
57.6
58.05
58.5667
58
58.35
58.2167
57.7667
58.1
58.05
57.7167
58.3
58.2167
58.3333
58.05
58.45
58.4167
57.9833
58.2167
57.6
57.1667
57.9333
57.9667
56.8333
58.2167
57.9333
57.3
57.1333
58.3
58.1333
58.6
58.3167
58.1667
57.95
57.9
57.6667
57.95
58.0667
57.7333
57.5667
57.9
57.1833
58.15
57.95
56.2833
57.5167
57.6667
57.6833
56.9
57.55
57.6333
57.3833
58.3
58.2333
57.5833
58.4167
58.35
58.3333
57.45
58.0833
58.0333
57.6
58.05
57.6833
58.0167
57.5333
58.4667
57.3833
57.0167
58.0667
58.1833
57.25
57.7167
57.7333
57.7833
58.4833
