14.2667
14.25
14
14.8667
14.7
14.9
14.55
14.5833
14.8667
14.45
14.3333
14.7833
14.3833
14.9
14.7
14.6167
14.6333
14.2833
14.9333
14.9167
13.7667
14.75
14.15
14.6167
14.4667
14.9
15.0333
14.7833
14.35
14.7167
14.55
14.6667
14.9667
14.45
14.9333
14.85
14.7167
14.7167
14.3833
14.2
14.0667
13.95
15.1167
14.7667
13.3167
14.8167
14.9667
14.4667
13.7333
13.9
14.1667
14.65
14.6333
14.65
14.9333
14.6667
14.7167
14.6667
12.7333
14.2333
14.7333
14.0333
14.5833
14.3833
14.5167
14.25
14.6833
14.9167
13.9833
14.7
14.55
14.05
14.6167
14.85
14.9833
15.1167
