46.6167
45.2
43.6333
52.3667
49.5167
52.5667
50.9167
49.85
52.5
49.3333
48
50.9167
48.45
53.2333
48.3667
49.8333
50
48.5
52.8833
53.3167
43.3333
51.7833
46.7167
48.9
50.4333
53.2167
52.4
50.5167
48.5
50.8167
49.7833
50.5
51.65
49.4167
51.75
51.8
51.35
51.1167
47.7667
47.3333
43.6
47.2833
54.4333
49.6333
37.6833
52.7
51.85
47.9167
41.1
42.3167
45.8667
49.6667
47.4167
49.9333
51.9333
49.7167
50.4167
50.6833
34.0167
47.0333
51.6833
45.5
48.6333
46.6667
50.6333
46.0833
49.4333
50.9167
44.5167
50.3
49.6167
45.3167
48.7667
51.5
52.45
53.1833
