79 89 63 76 72 78 79 94 92 91 81 82 79 88 102 97 84 105 72 105 101 91 98 91 100 92 99 103 105 104 95 100 101 104 100 105 103 85 72 60 90 77 86 69 81 92 90 90 82 96 84 82 93 82 84 83 97 89 95 67 72 69 64 92 100 104 101 94 100 101 102 87 86 84 86 95 100 108 104 100 93 103 90 87 103 91 103 103 102 91 82 79 81 72 78 84 96 91 85 94 102 94 99 100 90 73 81 87 102 95 99 96 91 63 78 86 100 95 116 118
59 78 71 74 79 76 88 92 87 99 85 72 70 95 102 95 73 102 76 104 103 85 90 74 102 79 99 104 108 104 90 94 91 101 95 99 105 79 79 62 86 75 86 81 85 94 91 85 82 95 76 73 80 77 69 83 85 90 100 79 79 65 78 85 99 100 96 74 101 105 104 83 91 80 88 103 107 102 96 99 87 95 88 89 93 95 103 98 106 80 81 81 89 68 74 84 90 85 79 93 102 91 101 98 89 64 62 87 102 91 102 101 98 80 64 93 93 98 113 112
49 76 72 78 89 88 84 88 89 91 78 70 71 86 100 95 73 100 83 102 101 81 97 89 100 84 87 100 106 103 92 101 102 104 85 101 105 82 80 69 89 76 78 76 79 85 79 82 86 95 72 73 83 87 78 88 78 81 83 84 67 70 62 82 97 98 83 76 97 102 102 85 93 72 85 100 103 102 97 104 94 92 98 93 97 90 102 98 104 83 85 80 78 80 77 83 89 84 88 94 102 86 100 95 96 76 65 61 102 87 97 93 97 70 69 69 97 97 117 117
78 87 82 72 88 96 91 93 95 100 96 91 92 102 106 102 97 104 99 104 104 97 102 98 107 98 98 103 104 105 93 109 112 103 100 105 104 91 92 84 95 78 91 79 83 94 90 89 91 96 89 81 99 79 81 92 97 94 97 93 86 90 92 94 100 102 103 98 102 104 104 101 104 101 102 105 107 108 104 111 102 105 93 89 95 104 104 102 107 94 92 85 94 77 76 83 89 93 91 96 102 99 102 101 101 84 84 98 102 97 101 101 100 84 87 92 97 99 118 118
78 82 76 66 85 91 79 94 90 101 94 97 83 96 104 98 90 103 87 105 105 87 98 98 106 96 82 101 104 96 94 108 108 104 97 105 105 87 90 83 94 68 86 69 77 86 87 91 90 96 81 75 93 64 82 90 96 79 98 92 79 79 71 94 100 101 100 94 104 101 101 94 99 96 103 101 104 105 97 108 98 105 93 94 93 101 103 100 104 87 85 82 90 73 78 84 91 91 91 93 102 97 102 97 99 83 62 101 102 98 102 99 94 82 87 99 91 91 118 118
79 91 82 91 94 85 96 99 93 102 80 92 85 103 106 102 88 104 100 105 105 92 98 101 108 93 101 99 103 102 101 109 114 106 97 106 107 95 89 86 95 80 85 71 85 91 85 87 92 96 85 77 98 79 83 82 98 87 101 89 80 84 84 99 105 103 103 98 104 105 105 97 101 106 105 104 101 105 103 112 106 103 99 93 96 101 104 100 107 92 94 87 93 89 85 89 91 91 87 95 102 96 102 102 101 93 81 96 102 102 102 101 95 87 84 95 102 102 118 118
73 75 65 75 77 82 84 91 97 105 93 96 86 101 106 97 98 103 96 105 104 93 101 104 105 99 101 104 107 106 106 104 105 105 101 100 104 83 87 79 95 73 87 88 83 92 93 89 92 96 88 83 95 78 74 86 92 91 101 84 82 78 83 97 98 102 100 86 103 103 104 95 98 95 98 102 106 106 111 102 100 106 93 98 99 100 102 106 107 88 84 82 90 75 84 90 96 93 94 95 102 97 101 102 97 86 79 98 102 100 102 101 100 83 91 98 87 94 118 118
89 86 73 69 88 90 88 99 99 101 92 84 81 94 100 98 85 105 82 103 101 94 98 105 100 91 95 98 99 104 99 93 106 106 95 104 105 85 80 73 94 77 85 82 82 90 87 87 95 95 74 73 95 74 72 80 96 95 102 83 72 72 72 79 96 103 102 91 103 105 102 91 99 102 104 104 104 108 107 104 106 106 95 85 96 106 102 106 107 86 91 83 88 67 87 88 94 94 89 95 101 91 100 100 97 84 75 97 102 99 102 101 96 75 87 82 97 96 118 118
76 85 69 88 84 87 89 92 82 101 90 92 93 101 103 103 93 105 90 105 103 96 103 108 108 95 99 105 104 106 104 106 111 107 99 105 107 91 89 88 96 80 89 87 87 94 89 89 82 96 84 87 101 81 70 87 96 92 101 94 88 88 78 97 97 102 104 88 105 105 105 93 99 102 105 105 106 107 101 110 102 107 96 95 100 97 107 100 107 91 94 88 93 81 87 90 96 89 92 96 102 100 102 101 97 78 84 94 102 97 102 100 100 82 80 97 97 101 117 118
78 69 67 80 85 94 89 96 98 103 77 88 84 101 105 95 89 104 96 105 105 92 101 96 102 89 97 101 107 104 105 102 105 105 86 105 102 88 82 79 94 82 83 85 90 92 87 84 94 96 77 73 89 77 81 90 94 91 100 87 79 79 64 92 102 105 103 89 101 105 105 93 96 97 95 97 108 103 104 106 101 104 90 87 97 95 101 101 107 88 85 78 87 76 81 80 91 86 87 92 102 97 101 100 95 83 75 75 102 100 102 98 99 82 93 86 92 96 118 117
78 83 90 62 79 83 96 98 92 98 79 80 74 87 103 99 85 104 70 105 103 80 96 93 103 82 87 100 102 102 94 97 107 104 83 103 106 83 88 89 93 71 79 78 82 92 73 87 84 95 78 80 88 82 77 85 86 80 98 88 79 74 61 83 99 101 96 85 94 101 105 91 78 92 100 105 106 103 108 106 94 98 101 91 93 91 103 104 107 85 88 82 88 75 85 91 94 87 87 91 102 97 102 100 100 81 69 101 102 97 102 102 95 80 81 90 102 102 118 118
65 86 74 86 83 83 90 93 95 101 86 95 90 98 104 97 91 104 70 105 105 93 103 104 105 97 96 102 101 105 95 109 110 106 100 101 107 91 86 81 93 74 85 78 84 93 91 88 85 96 80 84 99 88 79 80 93 99 96 91 83 86 82 89 100 101 99 86 97 105 105 94 97 90 99 105 105 104 104 111 100 105 97 92 100 100 106 100 107 94 90 88 90 76 85 84 91 89 88 96 102 99 102 100 101 86 76 100 102 99 101 100 100 89 75 95 100 100 118 118
70 89 81 83 83 66 91 94 87 102 89 91 82 97 102 101 92 102 81 102 99 96 87 99 104 89 92 99 108 100 100 105 108 106 96 101 107 88 89 80 95 78 80 79 85 84 86 80 88 95 78 78 88 72 70 90 87 96 98 86 82 74 72 77 101 104 100 79 102 104 105 91 89 96 100 103 105 104 103 99 99 107 93 89 94 96 103 101 106 95 87 82 91 79 79 88 89 84 93 96 102 92 102 97 89 84 69 81 102 97 101 101 98 87 84 83 101 97 117 118
70 93 70 87 82 76 99 103 96 105 87 92 96 101 104 105 97 105 100 105 105 98 102 104 107 99 100 105 105 105 102 114 112 105 101 106 107 92 91 86 94 85 89 76 87 94 87 89 86 96 89 82 97 86 80 81 92 92 106 101 92 89 89 101 103 104 103 89 102 105 105 99 100 103 101 106 107 105 105 115 105 107 98 99 96 102 107 102 107 94 94 91 95 81 84 86 91 89 88 96 102 97 102 99 99 90 84 85 102 99 102 102 101 89 83 89 100 96 118 118
82 79 69 75 76 80 86 88 85 100 92 86 87 99 104 100 76 102 82 102 103 93 103 96 105 97 96 101 102 106 93 104 106 103 93 102 106 94 90 81 91 71 81 68 78 90 87 91 85 96 77 75 91 79 74 85 92 89 99 89 79 82 83 91 102 105 103 97 102 102 105 96 97 89 101 101 106 106 84 107 98 104 83 84 94 98 104 99 107 87 86 87 92 71 76 73 88 85 91 94 102 94 100 100 98 70 65 83 102 89 102 99 93 59 76 89 101 97 118 118
77 81 81 77 87 97 93 98 101 92 84 94 79 94 104 98 92 105 83 105 104 88 101 103 102 92 101 104 104 105 94 99 100 100 102 105 105 87 85 77 89 80 85 83 85 92 88 88 92 96 80 71 87 81 82 92 93 97 104 87 81 77 74 91 105 106 101 96 101 103 104 91 92 94 101 104 107 102 102 106 100 96 103 95 100 99 104 100 106 67 88 91 91 79 78 89 92 88 90 94 102 97 101 97 98 77 69 96 102 99 102 102 101 88 78 91 98 87 118 117
77 83 84 76 90 97 91 100 103 103 88 88 81 98 105 95 80 105 70 104 105 89 100 104 102 85 87 100 105 102 99 109 106 105 83 105 105 90 88 87 96 68 81 76 85 87 85 85 89 95 81 83 94 85 81 91 84 92 97 78 80 80 71 89 100 105 94 90 104 101 105 99 99 90 95 104 107 104 105 107 98 101 101 102 99 100 103 99 106 85 86 89 90 78 92 84 95 90 89 93 102 94 101 98 100 89 78 97 102 100 102 100 98 86 77 100 101 98 117 118
57 83 69 89 83 89 86 96 97 97 87 79 81 98 105 93 85 102 94 102 103 89 101 101 102 89 95 107 102 104 104 103 104 104 96 103 107 88 81 64 92 71 87 78 84 96 86 89 90 93 83 85 97 92 79 91 94 89 95 74 70 66 70 78 97 100 97 91 104 104 104 85 98 96 97 96 102 105 99 106 102 104 96 87 98 93 104 105 103 93 91 84 81 72 75 85 95 86 87 89 102 93 101 97 99 84 70 90 102 99 99 96 97 82 70 88 102 98 118 118
75 75 72 84 89 95 77 92 97 104 95 94 85 101 102 99 87 103 96 104 103 96 93 107 107 97 105 102 104 98 105 107 110 107 105 106 104 93 94 91 95 84 92 88 95 95 88 87 94 96 86 79 92 90 89 94 99 99 104 95 80 92 83 86 94 98 104 97 105 105 104 96 94 106 96 105 101 102 104 112 101 107 103 99 104 99 101 101 107 95 92 86 91 85 89 80 92 91 93 96 102 100 102 101 99 81 85 100 102 102 102 100 99 81 83 98 93 97 118 118
90 94 74 68 72 101 98 92 94 103 93 83 83 103 100 102 92 105 93 105 104 85 94 103 107 92 89 100 101 97 110 110 112 107 99 106 106 95 93 93 96 90 93 88 88 92 89 85 89 95 86 83 89 74 81 89 87 90 102 92 84 79 78 90 94 99 102 92 105 105 105 97 93 104 104 107 105 107 103 110 104 106 104 104 102 100 104 103 106 92 91 89 92 88 92 92 93 91 85 93 102 102 102 100 101 95 84 100 102 98 102 101 97 92 94 97 96 99 118 118
57 60 56 71 72 75 83 95 90 91 68 70 74 96 104 87 80 102 75 105 102 80 86 92 87 78 101 103 104 96 90 89 98 100 98 104 100 66 72 73 90 67 85 83 81 92 74 79 88 95 72 66 86 76 74 85 86 94 88 74 74 60 53 79 103 106 83 78 90 103 105 86 90 77 82 88 105 103 101 98 80 89 88 96 95 94 99 101 106 71 79 71 76 74 82 84 90 88 81 90 102 90 97 99 88 81 70 94 102 92 99 94 96 81 79 85 90 72 117 117
84 75 65 67 89 89 95 101 94 102 88 88 91 98 104 101 88 103 91 102 97 97 95 104 105 94 96 101 102 104 91 104 112 104 104 106 104 89 90 88 95 75 88 85 93 95 85 85 94 95 85 69 93 84 84 92 90 96 101 91 96 91 88 98 96 103 101 96 98 103 105 98 101 98 104 101 101 106 94 103 105 101 99 99 102 97 100 103 107 94 84 77 92 80 86 87 94 88 90 95 102 95 101 102 101 85 72 99 102 100 102 100 101 91 83 98 92 96 118 118
71 84 71 85 78 75 91 97 98 92 83 79 71 92 102 94 77 102 85 105 103 84 99 89 96 77 97 102 102 105 99 101 104 104 93 103 102 87 74 65 95 70 79 85 84 93 86 88 82 93 80 78 86 72 75 90 94 93 92 78 72 71 77 88 98 101 90 81 103 102 105 89 96 87 83 94 100 107 98 102 92 105 97 84 99 94 93 102 107 83 81 80 83 76 74 87 94 91 81 89 102 101 102 100 96 77 79 79 102 102 101 101 95 86 89 87 94 92 115 117
63 82 71 74 67 84 93 98 95 90 78 85 86 93 101 99 84 105 88 104 101 92 102 93 97 89 96 104 93 103 98 106 100 107 98 103 96 86 72 72 95 81 87 81 87 94 89 81 90 96 77 72 92 70 71 74 97 100 101 70 66 68 73 83 102 101 99 93 103 104 103 96 100 102 96 99 99 100 102 108 105 104 96 89 92 101 93 101 106 93 92 88 94 81 78 84 89 87 82 90 101 97 100 96 97 72 74 78 102 87 99 100 91 83 75 79 88 86 117 117
78 91 73 75 90 94 83 93 96 102 84 82 95 100 106 100 88 103 100 105 103 94 101 100 103 88 90 103 106 104 101 104 103 102 95 106 106 86 86 85 94 74 83 87 92 96 91 90 89 96 81 92 100 87 83 94 90 98 100 83 72 82 84 96 98 101 101 96 104 104 102 90 98 98 104 102 102 103 98 109 106 106 90 90 101 103 99 104 104 94 83 76 86 70 76 86 90 91 88 89 102 95 100 101 95 83 73 84 102 98 100 101 99 83 90 95 95 92 118 116
69 81 76 84 79 85 96 98 96 105 103 86 83 93 101 104 91 105 79 105 103 84 96 104 108 98 102 103 101 97 108 111 113 106 103 102 107 91 94 87 96 88 94 94 93 95 79 81 87 95 88 81 98 91 80 93 90 95 101 98 78 88 83 96 101 101 105 89 105 105 105 94 98 96 105 107 101 102 103 107 104 106 105 106 103 98 104 103 107 86 89 84 89 83 93 95 94 88 89 96 102 99 102 102 102 94 91 98 102 100 102 102 98 92 88 99 95 101 118 118
72 83 66 84 88 89 90 96 94 102 87 90 83 93 100 102 93 105 90 105 104 92 96 99 105 92 100 104 101 98 105 110 111 107 95 104 105 89 92 92 94 88 87 86 87 93 83 86 90 96 81 62 94 69 71 87 86 75 105 91 82 79 74 95 97 100 104 91 105 105 102 93 93 107 105 106 95 104 106 109 105 106 104 98 99 96 103 102 107 95 96 88 90 88 92 95 96 82 89 96 102 99 101 101 100 86 84 96 102 97 102 102 101 81 84 98 93 92 118 118
63 69 59 64 77 75 98 97 90 106 97 93 81 95 99 101 85 102 75 104 102 89 97 101 106 98 92 99 103 95 98 108 111 102 95 104 107 88 87 90 93 81 86 77 87 90 88 88 90 96 74 79 98 72 74 88 89 92 103 91 74 73 66 81 95 96 102 85 90 103 98 83 96 105 101 103 100 100 100 111 102 103 99 95 100 99 106 101 107 92 95 82 91 81 80 88 92 86 88 94 102 97 102 102 98 90 75 101 102 96 102 100 97 92 78 96 100 97 118 118
75 90 67 79 83 80 94 100 97 99 83 86 88 99 104 104 92 104 100 103 102 95 100 97 102 90 97 105 103 104 90 97 108 106 88 106 104 89 82 74 93 73 86 84 85 93 88 90 91 96 80 81 89 72 77 92 88 93 98 90 86 88 85 91 102 104 99 92 102 103 104 97 99 92 102 100 100 104 95 103 105 107 101 98 99 97 104 103 105 87 81 82 82 71 85 89 94 89 86 95 102 88 100 94 83 56 63 86 102 88 100 101 81 67 64 86 97 92 117 114
80 81 79 80 84 97 90 99 98 99 91 83 84 94 103 100 88 105 83 105 103 97 102 101 103 90 101 103 106 102 101 106 111 106 96 106 102 92 87 80 94 80 82 80 87 96 92 95 90 95 85 81 96 88 82 92 98 95 102 84 72 81 82 96 103 105 102 95 105 105 105 93 101 94 100 102 101 106 98 107 103 105 99 88 101 103 102 102 105 88 88 84 91 74 72 89 96 93 86 93 102 100 102 101 99 68 68 95 102 101 102 99 98 67 73 84 97 91 115 117
85 89 80 82 87 96 93 101 101 101 76 86 78 99 104 103 76 102 84 104 104 85 100 89 104 92 99 101 106 103 88 107 110 104 94 105 106 91 90 84 91 79 87 84 89 96 84 85 94 96 87 79 89 83 79 91 92 94 102 79 78 83 85 97 105 105 98 96 105 103 105 91 100 89 94 101 107 105 100 105 102 86 98 95 97 98 106 99 106 75 87 81 89 80 84 82 94 88 91 91 102 94 101 102 99 77 71 83 102 101 102 102 95 87 81 97 98 101 117 118
65 81 77 81 85 87 83 96 94 97 92 95 93 94 103 92 77 103 95 104 104 99 103 92 107 100 100 104 104 106 97 104 105 102 100 103 107 83 85 75 91 73 94 76 81 94 89 89 92 95 93 87 96 75 80 94 95 94 96 86 86 78 85 93 103 102 100 91 102 104 104 94 99 94 100 101 101 106 105 105 98 104 93 94 100 101 105 107 106 84 91 84 91 75 81 85 96 93 94 94 102 97 102 102 99 87 75 88 102 97 102 101 94 84 79 89 96 93 118 118
75 89 83 87 91 88 99 99 100 101 88 90 86 96 103 101 89 103 86 105 104 95 99 100 105 92 96 104 107 103 102 112 102 107 99 103 107 90 84 77 96 83 89 82 86 94 89 88 87 95 81 82 86 78 81 78 80 78 104 81 84 84 78 81 103 104 95 94 105 104 105 96 100 90 102 104 107 105 104 110 104 104 100 102 102 101 105 103 105 92 88 90 92 79 87 89 96 90 84 91 102 98 102 101 101 84 82 79 102 101 102 102 101 87 85 96 100 97 118 118
59 81 68 81 94 86 78 89 97 104 82 85 91 99 106 91 88 101 97 105 103 92 94 100 104 94 98 106 105 103 96 107 104 105 100 101 105 89 78 79 95 75 92 82 82 92 85 88 91 96 84 80 92 79 85 79 93 80 88 83 80 79 81 98 103 105 89 89 103 105 105 91 102 85 97 102 106 105 105 111 93 102 95 91 95 99 100 99 107 79 90 76 86 79 78 80 92 90 89 94 102 95 102 102 92 80 77 88 102 95 101 101 96 83 86 94 101 98 117 117
68 85 71 86 91 89 93 100 98 101 90 93 89 99 105 100 97 105 89 103 97 91 95 104 101 90 100 106 102 99 101 101 109 103 97 106 107 89 84 88 93 72 87 86 91 93 87 90 88 95 72 75 95 75 80 81 97 100 103 96 82 82 78 98 104 105 102 101 100 102 104 92 91 103 104 102 106 106 97 110 104 106 100 101 104 104 104 104 107 92 90 90 92 71 85 89 95 92 85 95 102 99 102 102 97 89 77 90 102 97 102 102 91 80 82 82 99 78 118 118
78 81 71 66 90 97 97 100 101 103 89 88 83 96 102 104 87 105 80 105 105 91 96 103 107 96 106 98 102 100 93 105 109 107 98 106 105 91 93 88 94 78 86 85 90 92 89 90 92 96 78 84 96 74 66 83 99 85 104 86 92 83 80 94 99 100 103 93 103 105 104 97 94 103 100 107 104 101 99 109 102 107 96 96 101 101 105 102 107 92 92 93 96 85 84 85 92 88 86 95 102 100 102 99 101 84 68 83 102 102 102 102 101 86 77 81 92 91 117 118
78 89 74 86 94 95 89 98 101 101 82 72 87 89 105 100 87 105 98 105 105 84 99 105 106 82 95 95 104 98 106 105 113 106 95 106 105 93 90 89 96 83 87 76 82 89 90 93 86 95 87 80 102 76 78 82 96 91 102 95 84 83 74 96 106 106 100 99 99 102 101 86 91 97 107 105 107 104 101 103 99 102 99 100 100 84 97 100 104 91 93 86 92 85 88 85 93 87 80 84 102 98 102 102 101 81 75 100 102 100 102 101 99 81 88 100 102 97 118 117
63 85 72 82 90 82 99 100 97 105 85 94 81 88 104 101 90 104 84 105 105 97 99 99 106 94 100 104 108 107 102 106 111 106 100 105 106 92 85 83 95 77 86 88 85 96 89 91 85 96 83 72 96 79 75 86 101 91 100 88 74 76 82 91 101 106 103 94 101 105 105 94 96 100 100 102 108 104 101 101 102 105 101 95 98 98 105 106 107 87 89 85 91 77 87 84 94 91 84 94 102 100 102 99 100 78 65 96 102 101 101 97 99 84 86 91 95 93 118 118
82 80 65 82 70 83 94 101 91 91 93 85 74 91 103 96 79 104 78 104 105 93 98 98 101 92 98 101 108 100 92 110 105 106 94 105 106 85 76 82 91 74 77 77 78 89 77 83 86 95 77 79 85 68 65 74 93 87 94 88 84 76 69 84 100 100 99 75 87 105 104 99 98 74 75 108 103 103 107 103 94 107 101 94 100 92 99 101 107 86 87 87 88 84 86 90 95 91 90 93 102 97 101 99 93 69 78 81 102 97 102 98 91 81 84 89 81 91 117 118
75 69 77 69 82 84 90 100 91 98 83 87 76 94 104 97 63 101 88 103 100 86 99 88 103 88 92 104 104 103 98 97 105 102 97 102 106 89 79 74 93 78 88 90 93 93 82 89 88 96 70 65 100 81 82 79 97 90 103 77 79 78 82 88 88 99 90 66 98 102 104 89 90 94 92 103 103 105 102 103 88 103 91 86 95 94 104 102 106 82 89 87 88 84 75 83 94 85 87 94 102 95 101 96 93 57 64 89 102 92 101 100 96 71 71 96 84 87 118 116
64 73 78 63 74 86 79 77 72 97 87 83 75 87 95 87 84 100 82 103 103 88 90 94 92 90 91 100 106 99 91 100 95 102 93 95 104 83 79 71 88 67 79 71 77 90 79 80 88 95 76 76 89 73 72 77 75 79 92 75 76 66 67 73 92 92 92 78 102 102 104 85 85 85 88 92 103 101 100 99 91 96 98 93 98 95 101 102 107 71 87 78 86 70 77 78 92 85 86 92 102 94 101 101 96 67 65 81 102 92 99 99 96 55 63 75 101 92 118 118
77 75 66 80 82 78 81 90 99 95 67 67 79 98 104 88 90 103 96 102 100 74 94 86 99 75 100 103 102 88 96 108 96 106 95 101 101 86 87 64 93 65 84 79 75 95 80 82 88 93 85 75 92 89 81 92 96 98 100 78 66 85 75 91 95 105 98 93 103 102 102 74 99 96 90 100 104 102 86 106 94 104 95 92 102 77 98 97 105 81 87 80 92 70 74 82 92 90 91 94 102 94 99 99 97 88 67 93 101 92 99 96 93 85 70 92 100 96 117 115
80 92 74 92 100 88 102 101 99 104 90 92 91 98 106 104 93 104 98 104 105 93 102 104 108 99 106 104 107 105 104 110 111 106 100 103 106 93 92 94 96 90 91 87 93 94 90 86 92 96 91 90 100 87 80 88 97 90 106 91 81 75 81 102 99 101 102 97 103 104 105 100 97 106 103 106 104 105 109 110 103 106 104 102 99 101 103 105 106 93 96 93 95 91 90 89 95 92 86 94 102 99 102 102 96 85 67 94 102 100 102 102 101 92 89 100 95 98 118 118
77 78 62 82 71 89 92 103 94 104 87 90 84 97 105 100 79 104 91 105 103 94 99 97 100 89 90 100 103 107 98 101 104 104 99 107 107 86 83 74 95 72 90 86 87 93 88 84 91 96 80 79 91 78 63 92 93 94 102 92 83 82 78 90 101 104 99 84 96 102 105 91 95 98 101 104 105 103 104 104 102 103 101 99 100 99 101 96 106 91 92 87 92 83 85 82 92 88 89 89 102 97 102 101 98 58 64 96 102 94 102 100 92 74 71 77 92 90 118 117
58 67 47 47 74 80 84 85 84 69 73 62 59 72 100 85 51 98 52 100 91 74 85 72 82 82 91 99 101 96 81 84 86 102 87 102 87 71 65 52 85 68 75 80 73 91 73 78 87 94 58 65 80 52 59 60 85 77 81 77 73 67 66 74 85 95 90 71 80 95 94 83 86 72 83 95 104 96 87 91 67 83 90 89 92 78 79 99 104 61 74 71 74 74 79 74 88 81 87 92 102 87 95 87 88 64 61 72 98 89 91 88 85 66 78 74 87 82 116 110
67 82 67 86 90 94 93 98 100 101 97 95 97 100 101 94 90 104 85 104 103 99 101 102 105 93 89 103 106 105 98 105 104 107 101 104 106 93 82 87 95 88 92 87 93 96 89 92 87 94 82 76 98 85 79 85 98 95 103 88 81 84 78 95 100 104 101 90 103 104 105 97 99 100 101 105 104 105 104 108 102 105 103 104 103 101 102 103 107 87 91 87 92 83 92 93 94 93 89 95 102 99 101 101 97 72 72 93 102 99 102 100 100 90 78 99 81 90 118 118
75 76 67 78 84 85 96 99 93 105 96 98 77 90 106 101 82 105 78 105 103 93 95 96 108 94 98 104 102 100 97 109 111 106 93 105 106 95 94 83 95 85 91 82 89 94 81 84 91 96 75 77 99 87 80 81 93 89 104 88 88 89 72 82 100 103 104 87 103 104 104 97 94 101 95 107 106 103 106 104 101 104 99 94 98 100 107 102 107 92 91 89 94 85 88 83 90 88 88 93 102 98 102 102 102 88 75 101 102 92 102 99 97 91 73 101 100 92 118 118
68 74 61 80 79 81 82 102 99 96 89 85 85 92 102 92 86 104 77 105 96 96 93 89 104 95 99 103 99 102 86 96 91 103 98 106 102 78 66 65 93 75 91 90 93 94 84 87 93 95 73 69 91 82 77 82 84 90 96 87 88 87 84 88 97 97 94 86 100 105 105 93 99 85 94 101 92 99 107 95 100 105 105 99 99 100 98 101 107 84 85 77 84 75 87 90 91 88 88 95 102 101 101 102 96 69 59 83 102 95 101 101 93 74 62 92 91 92 118 116
57 70 61 64 63 79 76 93 89 95 78 74 73 77 96 88 53 102 60 102 96 84 86 69 100 81 91 97 98 98 83 92 102 88 86 99 105 82 76 60 78 72 79 74 75 89 82 77 73 93 78 65 83 64 62 74 75 88 79 72 76 69 71 80 82 95 91 55 80 98 105 87 87 80 78 94 100 97 98 93 81 95 93 91 91 89 103 100 103 69 80 69 70 77 79 77 91 82 82 88 102 90 102 98 90 73 60 92 102 88 100 99 91 76 70 93 87 84 117 117
56 71 57 70 79 68 83 90 88 93 85 87 76 81 102 89 76 101 62 103 99 82 92 95 94 83 92 97 98 95 95 90 92 86 93 103 99 81 78 75 89 67 81 78 80 90 78 78 94 96 65 66 83 66 67 85 89 84 96 87 79 68 66 67 89 95 98 67 71 95 103 86 90 80 91 97 100 99 98 90 79 91 98 96 91 88 96 102 107 71 79 72 88 74 76 85 92 87 85 96 102 90 102 97 89 61 62 75 101 90 100 99 82 74 66 86 86 83 116 118
72 76 67 70 82 79 90 100 95 83 68 77 82 97 104 100 68 104 85 105 104 85 100 72 99 79 101 107 105 106 94 99 92 104 96 105 100 82 71 59 92 71 81 93 86 93 86 92 83 96 82 70 83 79 64 74 88 85 95 78 81 77 75 82 97 102 92 68 100 101 104 97 102 94 88 99 94 104 96 103 81 94 97 93 95 94 87 99 104 78 82 82 88 79 82 86 92 89 80 89 102 96 99 95 96 68 74 88 102 96 102 101 87 80 77 94 80 90 118 113
64 79 68 84 74 72 94 99 92 101 91 97 93 96 101 97 85 104 87 104 103 97 96 101 104 93 91 99 106 99 90 103 104 106 101 104 105 87 78 78 96 80 91 88 87 92 86 76 90 95 80 63 94 82 63 75 100 100 104 87 82 78 84 80 98 98 104 87 100 105 104 97 94 98 97 104 105 103 101 105 99 105 97 96 82 98 102 98 107 84 87 85 92 85 81 77 88 84 92 92 102 98 102 102 95 71 72 81 102 96 102 99 100 82 66 90 93 88 118 118
71 79 65 77 74 77 90 97 83 101 92 78 79 90 105 98 90 101 90 103 102 84 96 97 102 96 96 102 104 103 84 86 110 105 100 101 102 85 86 82 96 71 88 78 83 90 86 79 95 95 67 77 95 76 70 84 79 83 101 90 87 79 83 92 101 104 101 97 100 95 102 89 99 93 96 99 105 105 100 100 103 99 90 91 92 94 103 104 106 93 89 79 87 67 79 86 95 89 92 95 102 90 99 96 95 65 59 92 102 96 101 93 93 74 67 90 95 79 118 118
68 86 80 88 88 95 84 101 100 97 80 79 76 98 105 94 85 105 78 104 102 83 93 91 104 98 95 105 103 101 106 108 103 106 101 105 101 87 83 73 95 89 93 94 92 95 84 87 91 94 83 83 98 80 85 94 96 100 94 86 84 82 77 90 106 102 101 95 104 105 104 94 96 96 83 103 100 101 103 105 99 103 98 100 104 99 102 99 106 89 86 86 86 78 85 87 94 90 89 94 102 98 102 102 98 72 75 85 101 102 100 99 98 72 66 69 96 93 118 117
79 75 64 90 67 81 102 100 89 93 88 88 89 95 100 101 88 104 83 104 100 97 98 103 103 97 93 104 104 104 101 112 110 106 101 106 103 92 85 78 96 82 90 87 84 93 87 83 90 96 82 77 97 74 69 84 101 84 103 99 89 81 91 94 100 100 100 89 94 104 105 101 101 96 99 106 105 103 113 100 102 102 106 103 103 99 105 104 107 89 93 84 92 86 91 89 96 90 90 95 102 96 101 98 101 84 79 90 102 100 102 102 98 86 75 81 94 93 117 117
74 85 93 60 81 101 86 96 96 93 88 86 88 96 103 92 83 104 87 104 105 88 102 93 100 89 95 102 103 106 102 102 106 104 90 105 103 89 82 78 93 75 91 77 82 93 86 80 94 96 77 83 92 71 85 98 97 94 96 84 80 76 85 92 102 103 101 92 101 105 105 93 102 93 92 98 102 104 102 101 98 107 96 90 94 96 104 100 106 91 85 86 88 67 78 85 93 89 87 92 102 95 100 101 101 86 80 93 102 100 102 100 100 86 93 93 102 99 118 118
74 81 73 75 90 74 94 101 96 96 83 92 87 100 100 97 96 105 90 104 99 96 100 95 100 84 102 105 105 99 105 101 109 107 101 100 104 82 88 78 94 67 87 92 93 93 86 81 85 96 73 78 93 81 82 90 89 93 101 87 77 88 81 99 104 105 96 93 97 103 105 94 97 98 101 99 105 97 104 98 106 104 104 102 104 102 98 97 107 93 94 83 91 76 82 89 90 87 92 96 102 101 102 102 100 79 84 90 102 101 102 101 92 75 91 90 101 88 118 118
79 74 80 84 93 91 88 101 99 98 84 83 91 99 106 102 93 105 100 104 103 93 101 99 102 90 97 105 101 103 109 103 109 106 88 105 105 88 83 79 96 80 89 87 90 92 85 83 93 95 87 83 97 85 81 89 95 98 98 80 79 75 81 93 102 101 102 85 104 105 105 88 99 89 87 105 104 105 106 112 103 106 101 97 97 99 106 105 105 87 93 92 85 79 82 91 93 91 81 94 102 95 102 99 99 63 77 90 102 100 102 102 94 77 82 83 100 100 116 117
69 76 63 66 79 78 71 84 84 70 68 58 57 75 99 82 58 96 64 96 91 72 87 61 77 74 90 105 97 101 80 80 65 92 89 89 87 61 57 42 79 53 71 74 77 94 76 78 81 93 72 75 79 81 76 78 77 81 78 64 70 69 68 67 84 89 82 65 86 96 98 75 77 73 63 86 88 92 90 89 66 81 85 72 84 79 74 92 100 59 62 62 69 64 64 82 87 71 83 88 98 78 93 93 77 60 58 73 97 81 93 93 81 65 64 71 97 92 114 112
66 84 70 83 72 88 86 94 96 101 83 77 82 100 101 96 84 104 86 104 101 88 96 102 101 88 84 101 103 99 89 99 101 104 89 104 106 85 82 77 94 75 78 79 81 90 82 77 89 95 70 81 91 91 79 86 89 82 93 79 75 80 78 90 102 102 101 80 101 103 103 84 94 94 90 96 102 101 98 99 98 105 82 91 93 91 97 98 105 86 84 78 81 69 70 82 91 85 89 96 102 94 101 101 91 80 76 81 102 95 102 102 93 82 95 91 101 100 118 118
68 87 74 86 91 78 92 101 100 101 94 88 84 101 106 100 81 104 77 105 104 96 102 97 107 96 105 103 105 106 101 104 104 103 103 105 105 89 84 74 95 75 92 87 95 93 92 91 93 96 89 82 101 86 72 81 101 92 103 81 78 83 76 92 94 101 103 78 101 105 105 91 100 101 104 102 102 106 103 109 103 104 99 90 105 98 105 103 106 90 93 81 95 76 79 91 94 91 90 93 102 100 102 102 96 85 83 96 102 100 101 99 98 88 94 91 98 98 118 117
65 72 62 76 83 84 93 90 88 96 73 75 87 96 101 91 77 100 90 102 97 89 95 91 103 83 94 103 105 103 94 91 99 103 97 92 100 78 76 67 88 75 85 77 84 92 88 85 88 94 73 73 94 67 76 84 95 72 97 79 76 68 63 72 94 99 103 73 101 104 104 90 81 83 83 97 101 99 93 105 87 104 91 87 96 96 102 99 105 83 80 81 82 75 69 73 90 87 80 90 102 93 101 94 96 75 81 96 102 96 100 99 93 80 86 93 95 98 117 118
82 70 63 66 74 88 88 90 88 96 84 83 85 100 101 97 86 104 97 105 102 88 101 95 106 90 100 103 99 103 101 106 104 104 95 98 104 87 88 77 93 72 89 77 87 92 90 81 91 96 86 75 91 65 74 92 97 91 102 92 83 74 69 87 85 100 100 87 102 104 104 92 99 100 101 99 104 103 91 106 98 103 87 84 88 97 103 100 106 95 88 81 93 74 81 81 89 86 88 95 102 98 102 98 91 85 71 93 102 98 100 100 97 88 77 83 97 97 118 117
64 57 63 75 75 84 89 100 93 97 84 77 78 89 98 98 73 105 83 104 101 90 93 94 104 88 89 100 101 100 101 96 105 103 89 102 101 84 82 84 92 73 83 83 88 91 85 78 94 96 72 76 90 67 67 82 83 78 96 83 79 72 78 89 98 98 100 83 101 102 104 90 96 95 86 100 103 98 97 103 98 102 93 91 97 97 101 98 107 92 87 78 85 65 82 78 88 85 82 94 102 95 99 97 91 71 68 91 102 94 102 98 90 84 69 94 98 94 118 117
79 90 78 74 84 85 97 101 96 99 85 91 93 100 102 105 91 105 92 105 103 98 103 101 101 91 96 107 101 107 90 100 104 106 95 106 106 81 79 86 96 68 84 82 84 95 92 92 89 94 79 87 94 75 78 87 93 97 101 86 82 76 81 92 103 105 100 92 103 105 104 99 99 95 98 102 103 108 106 106 92 102 103 96 102 103 104 105 107 89 87 78 89 86 88 90 93 89 83 94 102 96 102 101 95 72 74 97 102 98 102 99 87 86 74 91 91 86 118 118
66 82 82 78 81 82 84 100 97 80 70 82 83 93 100 90 75 105 80 105 102 81 100 90 102 86 82 100 95 101 100 104 97 105 82 106 100 82 69 61 94 79 79 73 81 89 84 83 87 96 76 79 81 74 60 82 90 93 85 76 75 78 78 89 92 103 99 85 99 103 105 92 92 96 101 97 102 100 102 99 105 103 95 88 86 93 100 90 107 90 81 78 81 76 83 80 89 81 86 92 102 90 101 97 98 77 81 72 102 92 99 96 90 72 72 86 95 94 118 118
84 84 80 77 83 85 91 100 102 100 90 85 85 94 105 100 79 104 86 105 104 89 102 86 102 91 95 106 107 106 96 104 101 106 88 107 106 87 89 80 90 78 85 82 83 94 89 92 90 95 85 84 98 77 84 95 97 102 100 84 80 88 76 86 97 102 103 92 102 102 104 94 99 87 102 99 104 105 95 102 102 103 93 92 95 98 101 97 106 87 84 75 85 76 74 83 90 88 89 93 102 95 100 99 101 74 71 78 102 100 102 101 96 79 82 87 98 98 118 118
77 73 55 81 83 89 99 95 101 102 79 81 87 96 100 101 83 105 90 105 104 89 98 91 107 92 97 102 95 104 96 106 111 107 88 105 103 93 89 89 92 86 88 78 83 94 91 90 92 96 71 74 93 79 72 92 98 90 101 83 78 81 79 91 97 98 105 83 102 105 104 95 100 97 97 101 95 103 104 108 94 107 100 90 94 96 102 98 106 89 88 85 92 81 81 86 91 89 85 93 102 97 102 102 98 75 78 100 102 99 101 102 97 80 83 97 94 100 118 118
68 64 70 70 75 76 76 83 84 83 78 81 86 87 103 85 81 102 85 105 104 90 91 99 97 89 98 94 101 95 98 99 90 107 91 93 105 85 75 60 94 70 78 64 84 91 87 84 76 92 86 75 95 68 74 82 75 66 84 81 66 64 68 77 100 96 97 81 101 97 104 85 86 76 92 93 103 103 97 104 93 102 85 83 94 97 96 93 99 86 84 72 80 75 71 73 89 87 76 87 102 90 99 97 97 71 67 89 102 96 96 96 97 85 83 89 99 94 118 118
72 78 70 86 73 82 93 97 93 100 90 87 88 97 101 100 100 104 94 104 100 94 98 89 104 87 94 106 106 92 101 105 109 107 98 106 107 91 87 83 93 81 81 85 83 94 87 87 89 95 77 81 98 90 72 92 95 94 104 84 81 85 80 91 103 102 103 87 103 105 105 93 95 99 86 106 100 104 104 105 98 105 92 86 94 91 104 100 107 83 93 87 94 80 82 85 89 93 91 96 102 92 102 101 99 83 71 95 102 99 102 99 91 87 75 93 98 91 118 118
76 88 70 81 78 88 82 93 98 96 90 81 85 100 106 93 74 105 100 102 102 94 105 90 103 91 103 105 102 108 103 104 98 106 98 107 100 87 74 63 93 76 85 85 90 95 92 94 91 96 85 85 100 76 87 100 95 93 96 75 82 77 77 81 101 99 103 89 102 105 103 92 98 88 84 100 105 104 105 104 97 103 99 90 94 99 102 99 105 88 89 81 84 75 82 90 92 91 79 91 102 99 100 100 97 86 82 93 102 100 100 99 101 82 82 94 96 94 116 118
62 75 51 84 74 69 82 81 85 98 85 70 83 89 101 94 76 99 83 104 98 84 94 82 102 88 88 100 105 99 95 94 100 105 97 95 106 88 88 83 91 72 84 76 76 84 80 82 86 94 71 58 84 77 58 76 82 82 97 78 66 77 73 85 98 98 96 89 94 100 100 84 87 96 95 102 104 95 98 97 101 96 87 92 91 90 101 95 106 93 89 80 88 75 76 82 86 83 75 95 102 97 101 101 96 88 67 93 101 91 100 97 94 84 68 82 88 97 118 118
75 90 70 75 83 76 90 93 95 97 75 87 72 96 102 97 78 105 94 105 103 82 93 100 101 88 98 99 101 99 101 101 109 105 98 107 99 88 88 88 95 77 90 75 91 92 81 89 86 95 86 75 88 78 73 87 95 97 98 83 77 77 87 95 104 104 100 96 98 103 105 84 101 86 99 96 106 101 103 103 95 104 101 93 100 101 100 98 107 90 90 81 87 76 78 82 89 89 90 94 102 92 98 100 97 77 67 76 102 88 102 94 98 77 69 77 82 89 116 117
66 79 73 78 82 85 91 99 94 101 91 93 87 101 106 101 89 102 89 104 101 98 100 99 107 98 96 101 107 104 90 106 110 99 100 101 105 94 89 82 86 85 91 76 84 91 91 87 90 96 84 80 99 83 76 94 100 96 104 90 80 77 87 96 102 103 102 93 102 103 105 92 97 101 101 107 106 104 103 110 100 105 93 89 92 93 103 97 107 94 91 88 94 80 79 80 85 86 94 90 102 98 101 102 98 79 57 98 102 99 101 101 100 88 74 97 102 99 118 118
78 86 76 86 82 80 97 98 96 104 95 94 91 95 102 100 94 105 88 105 102 91 101 104 107 96 104 103 106 104 99 104 110 104 99 105 104 94 93 89 95 80 93 79 91 94 89 90 95 96 84 82 103 70 70 82 101 91 105 93 84 71 74 85 97 95 105 90 99 104 104 96 96 104 99 104 94 104 108 111 101 107 105 100 104 98 101 105 106 94 95 88 92 82 90 92 96 93 90 94 102 94 100 101 96 88 72 83 102 99 102 100 95 91 81 97 85 96 117 118
63 93 83 79 93 91 84 92 92 101 98 99 97 102 105 102 101 105 99 105 104 97 99 106 105 91 94 101 106 103 105 112 111 105 93 105 107 93 93 87 95 88 91 86 89 89 88 82 93 96 90 88 100 86 84 92 96 93 103 96 92 91 79 101 100 102 102 97 99 104 104 96 97 98 102 106 108 105 106 114 102 103 94 89 97 99 107 101 107 94 91 89 94 91 85 85 91 92 92 96 102 100 102 101 100 86 73 100 102 97 101 101 99 93 66 97 101 101 118 118
