0.879552
0.863866
0.854482
0.932213
0.903501
0.932073
0.917087
0.904342
0.929412
0.902381
0.888375
0.917787
0.896359
0.937535
0.894258
0.909944
0.911064
0.894818
0.933613
0.932073
0.844538
0.921989
0.879692
0.888515
0.913025
0.934034
0.921849
0.904622
0.897479
0.915546
0.910784
0.914426
0.922829
0.902241
0.921429
0.919888
0.918487
0.917507
0.886555
0.881513
0.852941
0.877871
0.946078
0.904062
0.789636
0.92619
0.920308
0.887395
0.823529
0.839216
0.869748
0.89958
0.888375
0.908964
0.920308
0.908683
0.914006
0.916106
0.768627
0.883333
0.921989
0.866387
0.896499
0.876891
0.913025
0.870728
0.906723
0.910084
0.853221
0.910644
0.905882
0.861905
0.894818
0.917927
0.926331
0.938375
