0.06234
0.06108
0.0664994
0.0675169
0.0638726
0.0646974
0.0635081
0.0689548
0.0675122
0.0665691
0.0625361
0.0671918
0.062974
0.0661354
0.066786
0.0659458
0.0659964
0.0644362
0.064026
0.0614467
0.0637379
0.064647
0.0663893
0.0579756
0.0650299
0.0654441
0.0665133
0.0655533
0.0635035
0.0637955
0.0660275
0.0660951
0.0625283
0.0638615
0.0645866
0.0659483
0.060139
0.0647861
0.0627113
0.0562467
0.063114
0.0619133
0.0650271
0.0661215
0.0604327
0.0659539
0.0630608
0.0635652
0.0620396
0.0577169
0.0664536
0.0661153
0.0656789
0.0642156
0.063156
0.0662112
0.0647647
0.0672328
0.0633641
0.0639881
0.0645343
0.0645245
0.063578
0.0668602
0.065987
0.0666889
0.067735
0.0657065
0.0662459
0.0655005
0.0654953
0.0621074
0.0652965
0.0599935
0.0657167
0.0613587
