0.472976
0.485562
0.510773
0.454433
0.447623
0.43637
0.505379
0.491868
0.458831
0.469102
0.484543
0.443579
0.523442
0.45472
0.477272
0.484558
0.478878
0.478156
0.449553
0.469872
0.482079
0.444578
0.479534
0.474153
0.471389
0.449897
0.480854
0.485424
0.48201
0.465476
0.478272
0.468746
0.465676
0.470221
0.473474
0.468452
0.459852
0.44859
0.472042
0.49237
0.507932
0.475333
0.4305
0.479874
0.473061
0.458832
0.459053
0.44843
0.485212
0.478443
0.490902
0.475515
0.488319
0.476604
0.428368
0.483332
0.461807
0.457699
0.520611
0.496678
0.475751
0.487788
0.439781
0.494208
0.471998
0.465995
0.475664
0.441778
0.464965
0.490354
0.4346
0.513532
0.456762
0.480045
0.434266
0.478738
