0.469959
0.479266
0.510773
0.438293
0.449998
0.436073
0.503529
0.489975
0.459789
0.469675
0.483879
0.451193
0.51808
0.454974
0.473528
0.486278
0.480236
0.485242
0.447726
0.467691
0.48667
0.445249
0.48081
0.477339
0.458393
0.456492
0.477157
0.487232
0.486228
0.453749
0.493194
0.470629
0.466062
0.466862
0.476018
0.468387
0.460232
0.451242
0.47574
0.491283
0.5054
0.474964
0.4305
0.479533
0.476017
0.461136
0.454572
0.451155
0.484169
0.483568
0.489968
0.473168
0.494132
0.481076
0.434057
0.483332
0.466064
0.45861
0.522422
0.497472
0.469788
0.488451
0.444041
0.494251
0.474328
0.472541
0.48314
0.459133
0.465101
0.490838
0.443725
0.513402
0.460255
0.480045
0.439573
0.470982
