0.714536
0.716854
0.714987
0.732173
0.737977
0.742691
0.71093
0.72803
0.733302
0.729715
0.714762
0.740165
0.716729
0.735623
0.72001
0.720684
0.735292
0.72984
0.744673
0.727258
0.723117
0.737084
0.726445
0.712921
0.724404
0.73359
0.723897
0.709741
0.721559
0.718303
0.730935
0.72545
0.723452
0.727064
0.721943
0.727661
0.726059
0.73205
0.734095
0.716348
0.715972
0.724103
0.732341
0.716982
0.713092
0.725981
0.728442
0.741851
0.719241
0.716053
0.723613
0.729334
0.742321
0.730977
0.727407
0.728753
0.729142
0.741045
0.709689
0.721055
0.723036
0.730452
0.727603
0.725012
0.724936
0.720406
0.720089
0.721758
0.732582
0.7341
0.735948
0.733284
0.729624
0.729324
0.728501
0.725664
