16.1813
16.3878
16.8819
15.291
13.7956
16.0683
16.9128
16.2516
17.041
16.7688
17.0634
16.5183
17.0285
15.5114
16.3589
16.9053
15.0628
17.7135
16.0282
17.0752
16.7544
15.9651
15.8653
15.3506
15.2878
16.2223
16.9805
16.0145
16.2702
15.8345
15.8562
16.1764
16.3383
17.2634
16.9622
16.4492
16.4572
17.1979
16.1023
16.7832
16.2973
16.8222
16.4852
17.7424
13.9276
16.2483
15.8683
17.7979
16.6848
16.9502
18.3707
17.2614
16.6072
16.5249
15.3112
15.6589
15.8159
16.7815
16.0158
15.14
19.4288
16.3527
15.7581
16.9662
16.5693
16.0418
16.3491
15.5296
16.9174
15.6536
15.5957
16.965
15.4142
16.7562
15.7468
16.1784
