23.2879
22.7084
24.2298
22.666
19.7185
23.2143
24.2459
22.7086
24.0749
24.3257
23.6669
23.6643
24.5767
23.3375
23.7522
23.9158
21.19
25.1277
23.0885
23.9885
23.8375
23.3459
23.0288
21.8756
22.3377
23.2576
24.8296
22.6121
23.6691
24.0475
23.1063
23.473
23.7751
25.1088
24.3822
24.0918
23.7559
24.7694
23.0847
23.1274
23.4618
23.8348
23.6719
24.5288
20.439
24.0379
22.658
25.5708
22.6397
23.045
26.1785
23.7981
22.161
23.5584
21.9754
22.5583
23.1048
23.5068
21.9915
21.8213
28.4085
23.8108
22.2841
23.7665
24.1078
23.6497
23.5491
22.9091
23.9315
22.2184
22.6718
23.0667
22.697
23.6073
23.5935
23.1132
