3.61431
3.44083
4.33703
3.48456
2.4968
2.9802
4.46521
3.46653
3.56577
3.96075
3.24075
3.33128
4.57018
4.04614
4.05608
3.43658
2.77658
3.91907
2.85572
2.83662
3.62665
3.5734
3.35418
3.05659
3.50099
3.38596
3.59538
3.6262
3.85192
3.68432
3.57569
3.60611
3.46156
3.71151
3.95204
3.82294
3.27262
3.62862
3.35907
3.60549
3.83793
3.34307
2.89638
3.78365
3.54431
3.49297
3.44608
3.38945
3.23209
3.60005
4.24853
3.18788
2.96249
3.53636
3.0018
3.75619
3.7784
3.04416
3.83362
3.61534
4.25434
4.06524
2.75064
3.7298
3.77788
4.09153
3.62489
3.15307
3.12489
3.44523
3.16924
3.12024
3.40342
3.2766
3.70055
3.41456
