3.49234
2.87972
3.01092
3.8904
3.42615
4.16583
2.86788
2.99047
3.46814
3.59613
3.36278
3.81471
2.97803
3.77994
3.33715
3.57395
3.35057
3.4951
4.20463
4.07663
3.45644
3.80746
3.80936
3.46842
3.5489
3.64936
4.25366
2.97135
3.54696
4.52871
3.67447
3.69058
3.97521
4.13387
3.46792
3.81971
4.0261
3.94293
3.62336
2.73872
3.32656
3.66957
4.29031
3.00273
2.96714
4.29665
3.34367
4.38354
2.72282
2.49477
3.55926
3.34887
2.59129
3.49711
3.66236
3.14317
3.51051
3.68112
2.142
3.06595
4.72535
3.39282
3.7754
3.07049
3.7606
3.51646
3.57507
4.22645
3.8892
3.11949
3.90684
2.98142
3.87942
3.57454
4.14615
3.52024
