19.6736
19.2676
19.8928
19.1814
17.2217
20.2341
19.7807
19.2421
20.5091
20.3649
20.4262
20.333
20.0065
19.2913
19.6961
20.4792
18.4134
21.2086
20.2328
21.1519
20.2109
19.7725
19.6746
18.819
18.8367
19.8717
21.2342
18.9859
19.8172
20.3632
19.5307
19.8669
20.3136
21.3973
20.4301
20.2689
20.4833
21.1408
19.7256
19.522
19.6239
20.4918
20.7755
20.7451
16.8947
20.5449
19.2119
22.1814
19.4076
19.445
21.93
20.6102
19.1985
20.022
18.9736
18.8021
19.3264
20.4626
18.1578
18.2059
24.1542
19.7455
19.5335
20.0367
20.3299
19.5582
19.9242
19.756
20.8066
18.7731
19.5026
19.9464
19.2936
20.3307
19.893
19.6986
