15 16 16 16 16 16 15 16 16 11 10 12 12 13 13 13 12 14 13 14 14 12 14 11 10 11 11 11 11 11 3 4 3 12 12 12 12 21 23 20 22 21 23 23 23 23 21 20 22 23 15 16 15 16 16 16 16 16 12 12 10 13 11 13 13 13 11 14 13 14 14 12 14 10 11 11 11 11 3 3 12 12 12 12 12 12 12 12 12 22 22 21 22 21 22 21 23 23 21 23 17 16 17 17 17 16 17 17 17 17 17 17 17 17 17 15 17 17 1 1
13 16 16 16 16 16 16 16 16 12 10 13 13 13 13 14 14 14 14 14 14 14 14 11 11 10 10 10 11 11 4 4 3 12 12 12 12 22 23 22 23 21 22 23 21 22 22 21 23 23 15 15 15 16 16 16 16 16 13 13 12 11 13 12 13 13 14 14 14 14 14 14 14 8 11 11 11 11 3 4 12 12 12 12 12 12 12 12 12 21 23 22 22 19 23 23 23 22 21 23 17 17 17 17 17 17 17 17 17 17 17 17 17 17 17 17 17 17 1 1
14 16 15 16 14 16 15 16 16 13 13 13 13 13 13 12 14 14 14 14 14 13 12 11 11 11 9 11 11 11 4 4 4 12 9 9 11 22 23 23 23 22 21 21 22 18 18 17 18 20 12 14 16 16 16 16 16 16 13 13 13 13 13 13 13 13 13 14 14 12 14 13 13 11 10 11 10 11 4 4 11 12 12 11 11 11 11 11 11 21 20 19 22 23 21 23 20 21 19 17 17 17 17 16 17 16 15 16 17 17 17 17 17 17 13 16 17 17 1 1
16 16 16 16 16 16 16 16 16 10 9 12 11 13 13 13 14 14 12 14 14 14 14 11 11 11 11 11 11 11 3 3 3 10 12 12 12 23 22 19 22 21 22 23 23 23 22 21 23 23 16 16 16 16 16 16 16 16 12 11 10 11 12 12 13 13 14 13 14 14 14 13 13 11 11 11 11 11 2 3 12 12 11 11 12 12 12 12 12 23 21 21 23 21 22 23 23 21 20 23 17 17 17 17 16 15 17 16 17 16 17 17 17 16 16 16 17 17 1 1
15 16 16 16 16 16 14 16 16 7 8 9 12 13 13 11 11 14 12 14 14 13 14 9 10 9 11 11 11 11 4 3 2 11 10 10 12 18 15 15 21 18 21 22 22 23 23 23 21 23 14 16 15 16 16 16 16 16 13 9 10 10 10 11 12 13 11 13 13 14 14 12 12 8 11 10 11 10 3 2 11 11 11 10 12 12 12 12 12 16 19 19 19 19 18 22 23 22 20 22 17 17 17 17 16 17 16 15 17 17 17 17 16 14 17 17 17 17 1 1
15 15 15 16 16 16 16 16 16 13 12 13 13 13 13 13 13 14 14 14 14 14 14 11 11 11 11 11 11 11 3 3 4 9 12 11 11 20 19 18 22 19 22 19 19 23 23 19 19 23 15 14 16 16 16 16 16 16 13 13 13 13 12 13 13 13 14 14 14 14 14 12 14 11 11 11 11 11 3 3 12 12 12 9 11 12 12 11 12 21 20 21 22 19 20 20 22 20 19 21 17 16 17 17 15 16 16 17 17 17 17 17 17 14 16 16 17 17 1 1
16 16 15 16 16 16 13 16 16 9 9 11 11 12 13 11 11 14 12 14 14 14 14 8 10 11 10 11 11 11 4 4 3 10 12 10 11 22 21 14 22 20 22 23 22 22 20 23 22 23 15 15 14 16 16 16 16 16 10 10 11 11 11 13 13 12 12 11 14 14 14 12 13 9 10 11 11 11 3 4 11 12 12 10 10 12 12 12 12 20 21 19 20 19 21 21 22 22 22 23 17 17 17 17 17 12 16 16 17 17 17 16 15 16 16 15 17 17 1 1
16 16 16 16 16 16 16 16 16 10 10 12 13 13 13 14 13 14 13 14 14 14 14 11 11 10 11 11 11 11 4 3 3 11 10 9 12 22 19 18 21 20 21 20 21 23 23 20 21 23 16 16 16 16 16 16 16 16 13 13 11 11 11 12 13 13 13 14 14 14 14 13 14 10 11 11 11 11 2 4 12 11 11 12 11 12 12 11 12 20 20 19 19 20 20 19 23 22 22 22 17 17 17 16 17 16 15 15 17 17 17 17 17 14 17 14 17 17 1 1
16 16 16 16 16 16 14 16 16 11 12 12 12 13 13 13 13 14 14 14 14 14 14 10 11 10 11 11 11 11 4 3 2 12 11 11 12 20 21 16 23 18 21 22 20 23 22 21 23 23 15 16 16 16 16 16 15 16 11 11 13 13 13 12 13 13 14 14 14 14 14 13 13 9 11 11 11 11 3 2 11 12 12 12 12 11 12 12 12 22 18 18 19 21 22 20 23 23 19 22 17 17 17 17 17 17 17 15 17 16 17 17 17 17 17 16 17 17 1 1
16 15 15 16 16 16 15 16 16 12 10 11 13 13 13 13 14 14 14 14 14 13 14 11 10 10 9 11 11 10 4 4 4 12 11 12 12 21 19 18 22 19 19 21 20 23 20 21 21 23 15 16 14 16 16 16 16 16 12 11 12 13 11 13 13 13 13 13 14 14 14 14 14 7 10 11 11 11 4 4 11 12 12 12 12 12 12 12 12 20 19 17 20 19 21 19 23 21 19 23 17 16 17 16 17 16 14 16 17 17 17 17 16 13 17 16 17 16 1 1
12 13 14 16 16 16 14 16 16 10 11 13 13 13 13 12 13 14 14 14 14 14 14 11 11 10 9 11 11 11 4 4 3 12 12 12 12 23 20 20 23 20 22 20 21 23 17 17 20 21 12 16 14 13 16 16 14 16 13 13 13 11 11 12 13 13 14 13 14 14 14 13 13 10 9 11 11 11 3 4 12 12 12 12 12 12 12 12 12 21 19 19 20 22 23 21 22 20 21 23 17 17 17 17 17 15 17 16 17 17 17 17 17 17 15 16 17 17 1 1
14 15 15 15 16 16 14 16 16 12 10 12 9 13 13 11 12 14 14 14 14 14 14 10 11 10 11 11 11 11 3 2 2 12 12 12 12 20 22 17 22 21 23 19 22 23 21 21 23 23 12 15 14 16 16 16 16 16 12 10 12 12 10 13 13 13 13 14 12 14 14 13 13 9 11 11 11 11 2 1 12 12 12 12 12 12 12 12 12 18 21 19 19 19 23 23 23 22 19 23 17 17 17 16 16 13 14 15 17 17 17 17 15 12 15 15 17 17 1 1
16 16 16 16 16 16 14 16 16 7 6 10 11 13 13 13 13 14 12 14 13 13 13 8 10 8 9 11 10 10 4 4 3 12 12 12 9 22 16 17 22 22 22 23 21 23 23 21 21 23 15 15 16 16 16 16 16 16 9 9 11 11 11 10 12 13 10 12 14 14 14 13 14 7 8 10 10 11 3 4 12 12 12 11 11 11 12 12 12 20 20 19 20 21 21 20 23 21 22 23 17 17 17 17 17 17 17 15 17 17 17 17 16 17 17 16 17 17 1 1
14 16 16 16 16 16 16 16 16 10 11 13 13 13 13 14 14 14 13 14 14 14 14 11 11 11 11 11 11 11 3 2 2 12 12 12 12 20 17 16 23 17 22 20 17 23 23 23 21 22 15 16 15 16 16 16 16 16 11 12 13 13 12 13 12 13 13 14 14 14 14 14 14 11 11 11 11 11 2 1 12 12 12 12 12 12 12 12 12 17 20 17 19 19 22 21 23 23 19 22 17 16 17 16 16 13 16 16 17 17 17 17 16 13 17 14 17 16 1 1
12 14 15 14 16 16 12 16 16 12 13 11 13 13 13 13 14 14 14 14 14 14 14 11 11 11 11 11 11 11 3 3 3 12 12 9 11 19 20 18 23 19 23 17 18 22 19 20 19 22 13 12 12 14 16 16 16 16 13 12 12 13 13 13 12 13 14 13 14 14 14 14 14 11 11 11 11 11 2 3 12 12 12 10 11 11 12 12 12 19 23 19 21 21 18 17 21 16 13 19 17 17 17 17 17 16 14 17 17 17 17 17 17 16 16 16 17 16 1 1
13 14 15 16 16 16 12 16 16 10 13 13 13 13 13 13 13 14 13 14 14 13 14 11 11 11 10 11 11 11 4 4 3 11 12 11 10 22 17 16 23 22 23 22 23 23 23 22 23 23 12 13 14 16 15 16 16 16 13 13 12 12 12 13 13 13 14 11 14 14 14 13 14 11 10 11 11 11 4 3 12 12 11 9 10 12 10 12 12 21 23 19 21 21 21 22 23 22 22 23 17 16 17 16 17 14 15 14 17 17 17 17 17 13 15 13 17 17 1 1
16 16 16 16 16 16 16 16 16 13 12 13 13 13 13 14 14 14 13 14 14 14 14 11 11 11 11 11 11 11 4 4 3 12 12 12 12 23 22 19 23 20 22 21 23 23 22 21 22 23 16 16 16 16 16 16 16 16 13 13 13 13 12 13 13 13 14 14 13 14 14 14 14 11 11 11 11 11 3 4 12 12 12 12 12 12 12 12 12 22 22 20 21 20 22 22 23 23 21 22 17 16 17 16 16 15 15 14 17 17 17 17 15 14 16 13 17 17 1 1
16 16 16 16 16 16 15 16 16 12 10 13 12 13 13 12 12 14 14 14 14 14 14 11 11 10 11 11 11 11 3 4 4 11 12 11 12 22 20 14 22 22 23 20 23 23 21 21 23 23 16 16 15 16 16 16 16 16 13 11 12 12 12 13 13 13 13 13 14 14 14 13 13 10 11 11 11 11 4 3 12 12 12 12 12 10 12 12 12 21 22 22 20 21 22 21 22 20 20 22 17 17 17 17 17 13 15 13 17 15 16 17 16 14 15 16 16 16 1 1
14 14 16 16 16 16 16 16 16 11 12 13 13 13 13 14 14 14 13 14 14 14 14 11 11 11 10 11 11 11 4 4 2 12 11 12 12 22 22 18 23 18 22 21 20 23 23 22 21 23 14 14 16 16 16 16 16 16 13 13 13 11 12 13 13 13 13 14 14 14 14 14 14 10 11 11 11 11 3 3 11 12 12 12 12 12 12 12 12 19 21 20 22 20 22 21 23 21 22 23 17 17 17 17 17 14 16 15 17 17 17 17 17 15 17 14 17 16 1 1
16 16 16 16 16 16 16 16 16 12 10 13 11 13 13 13 12 14 10 14 14 14 14 11 11 11 11 11 11 11 4 4 3 12 12 12 12 22 21 22 22 23 23 21 23 23 21 23 22 23 16 16 16 16 16 16 16 16 12 11 12 13 11 13 13 13 12 13 13 14 14 13 12 11 11 11 11 11 3 4 12 12 12 12 12 12 12 12 12 18 23 22 22 23 23 23 23 21 22 23 17 16 17 17 17 14 16 16 17 17 17 16 17 15 16 14 16 17 1 1
16 16 14 16 16 16 15 16 16 6 9 11 12 13 13 13 14 14 13 14 14 13 13 10 8 9 9 10 11 10 3 3 3 11 12 11 10 18 16 17 22 18 20 19 19 23 18 20 20 23 14 16 15 16 16 16 16 16 9 10 11 13 12 11 12 12 13 12 13 14 14 14 14 8 6 11 9 11 4 1 12 12 10 12 11 11 12 12 12 15 15 16 17 20 18 22 23 22 18 23 17 17 16 16 17 14 17 17 17 17 17 17 15 16 17 15 17 17 1 1
