88 90 89 96 92 93 100 112 97 108 92 99 91 107 111 104 82 118 92 119 117 90 105 108 105 93 103 111 94 106 89 108 102 114 113 115 114 104 101 99 115 85 111 113 109 118 109 98 103 112 89 87 100 98 89 101 107 105 110 103 80 80 72 94 106 109 108 85 113 118 117 103 96 101 103 119 101 105 97 104 108 112 109 109 107 114 108 110 118 107 109 107 107 103 108 100 115 111 107 112 119 116 117 110 114 93 93 104 119 116 118 110 114 89 86 95 87 82 114 117
101 104 92 105 104 105 107 110 114 116 100 103 109 113 118 112 107 119 112 117 113 111 112 117 116 101 100 111 103 111 105 115 111 119 111 118 118 110 111 110 118 98 109 106 100 117 109 109 112 118 106 101 108 99 104 102 102 107 116 98 98 94 95 94 114 112 112 97 117 119 119 112 109 112 111 115 110 117 99 114 116 119 114 116 109 116 113 108 119 113 115 113 115 106 113 114 113 112 106 114 119 118 119 118 116 98 91 105 119 119 119 118 118 104 89 109 111 110 119 119
65 87 63 84 73 77 109 101 108 118 109 102 98 93 109 114 108 117 85 109 106 102 101 113 117 101 79 101 106 98 100 111 114 118 101 106 117 113 118 118 118 102 110 94 98 94 90 89 98 109 68 68 104 87 75 99 96 104 115 105 97 99 80 97 99 108 112 98 112 108 110 107 98 113 106 119 107 99 104 109 105 111 111 109 108 102 109 104 111 114 113 111 116 107 109 112 105 99 97 101 119 116 119 116 116 98 98 114 119 114 118 115 118 104 98 103 113 116 119 119
96 95 86 97 99 102 106 115 110 112 91 93 88 108 112 113 88 116 83 118 117 105 110 105 112 109 106 112 111 109 104 105 106 101 112 114 118 111 104 90 112 98 115 109 114 114 109 105 106 119 92 79 102 98 84 92 116 112 113 103 86 85 91 91 108 109 115 83 116 119 119 106 104 104 105 115 111 116 97 101 111 119 109 96 104 115 117 114 116 113 104 105 116 100 98 109 116 109 100 106 119 117 119 117 112 88 79 99 119 112 119 109 115 98 84 100 108 111 117 117
80 81 73 91 91 97 89 117 118 95 94 85 92 110 113 94 82 119 94 118 116 101 111 101 109 88 103 108 107 109 90 103 82 115 103 116 116 97 69 70 116 88 102 106 100 115 115 107 113 116 87 86 105 95 86 99 96 104 105 86 92 92 85 103 99 106 98 93 109 112 118 99 98 91 105 108 106 109 95 96 112 106 102 101 107 112 112 110 118 100 99 101 105 87 94 105 113 109 105 114 119 113 119 112 112 92 81 87 117 105 118 102 106 79 91 96 113 114 118 118
80 89 85 92 92 97 101 106 109 109 100 111 111 108 116 109 99 115 100 117 116 108 105 109 117 105 91 108 107 109 93 106 105 109 108 115 117 109 104 94 115 94 111 97 89 113 107 98 104 118 82 75 100 87 88 96 110 112 116 106 95 107 89 103 109 106 112 100 112 116 117 101 94 113 109 118 104 107 99 102 116 114 96 91 94 100 117 100 116 114 111 112 117 101 99 98 106 93 104 116 119 114 118 117 114 90 88 89 119 114 119 112 113 92 85 95 116 112 119 118
77 83 75 99 98 84 88 103 101 99 87 94 91 103 115 90 67 117 80 118 106 108 108 86 113 113 110 113 112 110 97 105 93 110 115 114 115 105 95 73 109 100 114 115 108 117 102 110 105 117 79 93 102 103 93 98 108 109 105 100 88 83 79 100 106 107 106 92 117 118 117 97 105 84 96 114 101 112 90 104 96 112 100 96 92 107 115 111 118 98 108 98 107 98 104 94 110 101 109 116 119 117 119 115 113 91 75 92 119 114 119 106 115 98 86 101 106 106 119 117
86 89 89 91 98 100 97 104 101 107 89 92 99 99 110 112 95 114 87 119 116 104 110 110 109 95 93 107 104 111 99 112 107 112 103 107 114 111 97 91 115 93 105 92 96 109 109 98 101 119 80 78 100 87 81 97 90 92 114 102 91 90 79 99 109 110 108 103 103 113 119 101 106 101 115 118 98 108 101 100 114 111 103 99 99 109 116 103 116 112 106 110 111 102 98 91 107 103 109 115 119 113 119 116 117 99 77 96 119 112 119 116 116 95 92 98 112 111 119 119
82 99 91 104 103 99 103 118 111 105 99 97 98 107 118 105 88 119 100 118 117 107 115 93 114 101 101 118 111 112 90 99 94 117 105 118 118 105 96 82 119 93 109 106 99 113 110 104 115 119 80 90 104 102 86 103 102 115 113 103 95 94 94 100 113 116 115 94 115 118 117 102 108 89 108 115 116 114 97 96 113 116 112 104 104 101 115 111 118 106 98 102 106 105 108 99 115 105 106 112 119 113 119 119 111 94 80 90 119 111 119 111 110 87 90 95 108 112 118 119
79 78 73 97 93 91 110 117 110 113 100 88 105 110 113 105 114 119 109 117 117 110 111 113 116 96 89 112 102 110 97 106 109 117 99 117 117 110 105 100 117 95 100 96 96 116 94 105 114 119 90 90 99 110 103 108 113 114 108 101 92 99 91 103 106 109 114 95 108 118 116 110 111 90 105 119 110 110 103 101 104 118 112 110 109 113 115 108 119 111 99 91 109 97 104 103 114 108 109 116 119 114 119 117 113 97 89 104 119 116 119 113 108 82 90 101 107 93 119 118
79 80 73 90 80 88 98 108 95 108 105 104 93 110 116 105 98 119 91 118 116 103 109 112 112 101 100 109 113 113 96 101 99 115 103 112 117 102 104 102 118 96 107 107 104 113 100 97 104 116 84 91 108 91 91 96 104 104 114 102 97 91 84 99 96 108 109 90 107 118 117 108 102 108 108 117 108 113 99 98 109 114 111 98 106 113 115 105 118 112 105 102 109 109 101 99 110 103 107 119 119 114 119 117 112 102 82 105 119 116 117 114 117 97 81 95 105 112 118 119
92 90 85 98 93 93 92 116 98 102 94 90 84 103 114 94 96 119 95 118 118 95 110 101 106 108 111 116 110 113 87 99 91 116 110 118 105 99 99 78 112 89 113 96 107 118 109 111 110 119 85 87 99 102 90 95 112 103 110 97 89 88 85 101 108 115 97 98 110 116 118 104 103 89 106 118 115 109 95 100 92 107 113 114 111 103 104 114 118 95 102 95 107 94 109 116 119 112 103 114 119 114 119 113 106 92 74 91 119 116 119 114 99 81 81 92 108 102 116 115
81 90 81 88 95 100 97 105 103 90 81 79 76 94 105 103 87 118 79 119 104 99 99 81 109 98 102 111 83 104 100 109 104 117 100 114 105 103 78 81 115 103 109 110 104 116 104 98 101 115 87 87 95 97 86 87 97 104 100 81 85 84 78 88 103 96 99 82 112 117 117 104 105 89 86 111 91 110 96 99 107 111 109 100 105 110 109 110 115 103 96 94 106 100 97 100 113 104 98 110 119 111 118 111 112 91 79 81 119 114 117 114 104 96 87 100 110 114 115 117
86 107 85 110 98 95 110 117 107 101 99 104 108 113 118 113 105 119 91 117 119 111 114 112 110 110 106 114 112 119 91 100 105 118 106 113 115 98 99 94 118 85 111 96 98 118 112 110 107 115 86 91 103 107 86 100 113 113 105 101 106 104 98 105 101 117 115 100 113 116 118 118 116 106 109 117 112 119 87 99 115 116 108 113 115 114 119 117 118 106 107 100 106 96 110 95 116 115 104 116 119 115 119 111 117 83 83 94 119 115 119 108 114 83 80 92 101 99 117 118
70 87 87 90 94 106 94 114 106 115 107 106 111 109 116 95 110 117 105 117 118 112 110 114 118 104 112 103 108 106 85 101 104 117 114 112 115 105 101 98 118 95 114 92 99 110 98 104 102 115 77 77 103 87 95 94 114 110 116 108 97 101 98 99 93 111 117 96 107 116 117 106 105 115 103 117 116 111 77 104 110 117 97 103 98 97 114 111 115 112 117 105 115 104 100 94 114 91 80 113 119 118 119 119 115 95 80 102 119 118 119 118 119 98 102 107 109 106 119 119
85 85 76 93 104 103 91 115 109 110 109 105 103 113 117 101 89 119 88 119 116 104 115 109 115 110 106 113 107 115 97 111 102 116 110 118 108 108 93 83 116 106 114 115 115 118 116 104 114 116 83 84 110 108 91 105 113 112 116 98 99 91 92 107 110 119 113 93 116 118 119 110 109 100 98 112 108 116 98 102 106 119 105 102 103 113 115 114 119 106 111 99 104 100 110 111 118 107 108 110 119 116 118 115 110 84 85 94 118 116 118 109 114 84 90 91 105 116 112 118
86 96 89 104 101 96 109 118 114 111 104 102 104 113 118 110 106 118 102 119 116 108 114 107 118 109 101 110 116 117 93 110 111 118 111 117 119 115 110 103 118 93 111 112 104 115 111 103 107 119 85 90 108 101 96 96 95 102 115 110 103 105 103 105 111 113 113 102 107 116 118 111 114 108 110 119 112 117 100 108 116 118 109 109 104 115 117 114 118 115 113 106 115 101 110 101 116 106 112 117 119 115 118 117 117 88 88 94 119 115 119 118 114 89 94 93 112 113 118 119
91 92 76 96 102 101 92 109 104 113 97 91 101 109 114 109 92 118 103 118 117 108 103 115 115 109 114 109 113 113 99 114 109 117 114 115 118 113 102 80 117 101 118 101 117 116 110 103 109 117 93 91 106 103 102 104 105 110 112 95 98 100 95 109 107 113 105 93 118 118 118 105 106 111 110 119 109 114 106 116 112 118 111 96 107 104 117 107 118 112 114 113 112 112 102 97 110 99 103 113 119 116 119 117 117 95 76 93 119 109 118 118 117 94 87 109 101 95 119 118
88 74 65 98 94 88 106 116 111 114 105 106 103 113 114 103 99 118 93 116 115 108 106 108 114 108 103 107 111 110 92 108 105 119 104 115 119 110 107 90 118 95 109 96 101 113 114 103 112 117 86 86 110 96 92 92 106 109 116 103 99 85 89 101 112 114 110 99 114 118 119 109 106 111 113 118 114 109 99 106 113 113 107 102 111 112 114 115 118 97 104 104 112 99 110 99 115 107 109 117 119 117 119 117 115 92 91 97 119 112 118 113 115 84 86 92 93 106 118 119
85 98 92 103 98 107 102 109 109 113 107 104 92 104 109 113 95 119 72 119 118 106 107 115 116 106 116 107 114 107 98 105 111 119 116 118 116 113 111 99 118 110 115 107 112 118 103 106 105 118 100 106 113 102 102 106 99 104 115 103 97 104 81 104 115 117 104 104 112 118 119 110 99 113 115 117 116 113 104 109 116 113 115 108 107 112 116 111 119 102 115 109 115 107 112 111 115 102 109 118 119 115 119 118 118 95 85 98 119 117 119 117 115 93 94 99 93 111 119 118
92 101 65 96 95 83 108 110 94 85 95 88 93 107 111 109 88 116 95 112 113 100 106 100 99 99 92 104 105 109 88 108 99 112 92 115 105 95 84 88 115 81 97 95 89 117 95 95 104 117 73 81 93 91 91 95 104 106 100 94 94 102 96 94 102 111 103 75 103 109 117 110 106 85 77 114 104 114 81 93 107 108 109 105 106 108 113 108 117 94 86 93 97 97 98 96 115 105 106 117 119 112 114 104 119 89 77 95 119 114 118 105 108 86 65 96 102 103 116 117
