30 33 33 41 41 43 41 52 45 49 33 41 33 50 56 45 29 58 35 59 58 32 48 50 45 33 47 55 51 50 29 49 43 55 53 56 56 46 42 39 55 26 51 53 49 58 49 42 49 56 34 37 45 41 39 49 51 50 55 49 29 30 23 38 49 54 51 35 56 61 60 46 41 46 46 61 53 49 42 47 51 54 51 51 51 56 52 52 61 51 52 51 50 45 50 43 57 53 54 61 59 56 57 50 54 34 35 44 59 59 60 52 56 36 34 38 52 32 54 60
42 46 38 49 49 48 48 50 54 56 40 43 49 54 58 53 50 59 55 58 57 51 55 57 56 41 40 52 58 53 45 56 52 59 52 58 58 51 52 51 58 38 49 46 40 57 50 49 53 58 48 44 51 45 49 50 46 52 58 42 44 40 40 40 56 54 55 42 59 61 61 55 52 54 53 57 57 60 42 56 58 61 56 58 52 58 56 52 61 56 57 56 57 49 55 57 56 54 54 60 59 58 59 58 56 40 31 45 59 59 61 60 60 47 33 51 61 54 59 61
21 38 20 37 29 33 49 43 49 58 53 47 45 40 52 54 53 57 34 49 49 47 47 55 57 43 29 43 49 43 41 52 54 59 46 46 57 53 58 58 58 42 50 34 39 35 39 36 44 49 24 27 46 37 32 42 39 46 57 48 43 45 31 44 45 56 54 46 56 50 52 49 42 55 51 61 53 43 48 51 51 53 53 51 50 46 53 48 54 56 55 53 58 49 51 55 47 44 45 45 59 56 59 56 56 42 42 55 59 59 60 57 60 46 40 46 57 58 59 61
37 36 30 40 42 47 47 55 52 52 32 38 30 48 52 54 32 56 29 58 58 45 50 46 53 49 47 53 57 50 45 46 47 43 52 54 58 51 45 31 52 40 55 52 54 55 49 47 48 59 36 29 45 48 37 43 58 55 55 47 29 34 38 40 54 54 57 33 59 61 61 49 49 46 48 57 54 60 39 45 54 61 51 40 47 57 59 56 60 56 47 48 58 42 41 51 58 52 47 54 59 57 59 57 52 30 26 39 59 59 61 51 57 40 28 42 60 55 57 59
25 28 27 35 34 41 31 57 58 36 36 27 34 51 55 35 29 59 36 59 58 41 52 42 49 28 45 51 55 54 30 43 23 55 43 56 57 37 14 14 56 29 42 46 40 55 55 49 53 58 29 30 47 38 38 44 39 47 47 29 34 37 30 45 44 49 40 39 52 54 60 41 42 34 48 50 53 52 38 38 55 48 44 43 49 54 55 54 60 42 42 43 48 29 36 49 55 51 51 58 59 53 59 52 52 32 23 27 59 59 60 44 48 22 33 38 60 57 58 60
29 33 33 36 39 40 42 46 50 49 40 51 51 50 56 49 41 55 43 58 58 48 49 49 57 45 37 51 53 52 33 46 45 50 48 56 57 50 45 36 55 34 51 39 30 53 51 45 45 58 32 28 43 37 38 46 52 56 58 49 42 51 40 49 53 53 54 47 54 58 59 46 43 55 52 60 50 50 44 46 58 56 38 35 38 44 59 43 58 56 53 54 59 44 41 41 48 40 50 58 59 54 58 57 54 32 29 29 59 59 61 54 55 37 29 38 60 54 59 60
23 28 21 39 42 31 29 44 42 40 30 36 32 43 56 31 20 57 24 58 47 48 49 30 53 53 53 56 57 54 37 45 34 50 55 54 55 45 36 17 49 40 54 58 49 58 42 50 45 57 26 39 45 47 40 48 50 52 47 43 31 29 30 42 49 51 48 35 59 60 59 41 49 26 39 56 46 54 32 47 39 54 42 38 35 50 57 53 60 40 50 42 49 41 46 36 52 44 54 59 59 58 59 55 54 32 23 33 59 59 61 48 57 40 30 43 59 48 59 59
30 36 38 37 41 45 39 45 45 48 34 33 40 42 52 52 38 54 37 59 56 44 51 50 49 36 43 50 51 51 39 53 47 53 45 51 55 51 37 32 55 34 45 35 37 50 50 46 49 59 26 31 42 36 35 43 34 41 56 46 38 38 29 43 54 54 50 48 48 55 61 44 49 44 57 60 48 53 45 43 56 55 45 41 42 51 58 47 59 55 48 52 53 44 41 37 50 47 53 58 59 53 59 56 57 40 19 36 59 59 61 58 58 37 35 40 59 53 59 61
25 41 34 45 46 45 44 58 51 45 39 38 38 48 58 46 31 59 41 59 58 47 55 36 54 41 41 58 57 53 31 40 35 57 45 58 58 45 37 24 59 34 49 47 39 53 50 46 56 59 23 34 46 44 36 48 44 57 55 46 38 38 38 43 55 59 57 41 58 60 59 45 50 33 50 57 60 56 39 39 55 58 54 46 47 45 57 53 60 48 41 44 49 47 50 43 57 48 49 56 59 53 59 59 51 34 22 31 59 59 61 53 52 31 32 37 61 54 58 61
25 25 21 38 38 36 51 57 52 53 40 31 46 50 54 46 55 59 50 58 58 50 51 53 56 36 33 52 50 53 37 46 49 57 40 57 58 50 45 40 57 35 40 37 36 56 39 47 54 59 33 35 41 53 48 51 55 57 50 43 34 42 36 45 48 52 56 40 51 60 58 52 53 34 47 61 55 54 45 44 48 60 54 52 51 55 57 53 61 53 42 38 52 39 46 46 56 51 53 58 59 54 59 57 53 38 29 44 59 59 61 55 50 28 36 43 58 37 59 60
21 23 22 33 29 38 38 48 39 48 48 48 37 53 57 45 44 59 38 59 58 44 51 54 52 42 41 51 57 55 36 41 39 55 43 55 58 42 46 43 58 36 47 48 44 53 43 44 51 58 27 37 51 35 38 44 47 46 56 46 41 35 33 42 39 53 51 35 49 60 59 50 45 51 50 59 52 55 42 40 52 57 53 40 48 55 57 48 60 55 48 44 52 51 44 44 52 47 54 61 59 54 59 57 52 42 28 45 59 59 59 56 59 40 29 37 59 54 58 61
34 32 28 41 38 42 34 56 40 42 34 32 27 45 55 35 42 59 41 58 59 37 51 41 46 48 51 58 55 54 27 39 32 56 50 58 56 39 39 20 52 30 53 39 47 58 50 52 56 59 28 31 41 47 39 44 54 45 52 39 34 35 34 44 52 57 39 41 52 58 60 48 46 32 48 60 58 51 37 42 35 50 55 56 53 48 48 56 60 37 44 37 50 37 51 59 61 55 53 59 59 54 59 53 46 33 16 32 59 59 61 56 41 24 27 34 57 44 56 57
32 35 31 37 39 49 38 47 45 32 23 25 24 38 50 45 36 58 28 59 53 39 39 28 49 39 42 54 44 48 40 50 45 58 40 57 52 44 20 23 56 43 49 50 44 56 45 40 49 59 33 34 39 43 36 40 41 48 42 26 30 30 26 34 50 46 43 29 57 59 60 46 48 31 30 53 44 53 38 42 51 53 51 42 48 52 53 52 58 45 40 39 48 44 39 44 55 47 49 58 59 51 58 51 52 34 20 23 59 59 59 56 46 39 31 42 59 57 55 59
30 48 31 50 43 43 50 57 47 41 40 49 50 53 58 53 52 59 37 57 59 51 55 54 50 50 47 56 53 59 32 40 45 58 46 55 55 38 40 38 58 27 51 38 39 58 52 52 53 58 33 34 45 49 34 49 55 55 47 44 51 48 43 49 45 59 57 48 57 58 60 60 58 48 51 59 55 61 31 42 57 58 50 55 57 56 61 60 60 50 49 44 49 39 52 38 58 57 51 59 59 55 59 51 57 26 23 35 59 59 61 50 56 26 24 34 56 43 57 60
16 30 32 35 39 48 34 55 47 55 47 46 51 49 57 36 50 57 45 58 59 52 51 54 58 46 53 48 54 52 27 41 44 57 54 53 55 45 41 39 58 36 54 37 40 52 38 46 45 55 26 27 45 36 42 40 56 52 58 51 42 45 46 43 38 53 59 43 54 58 59 50 47 57 49 59 58 53 26 46 57 59 40 45 41 46 57 54 57 55 59 48 57 46 44 39 57 36 40 56 59 58 59 59 55 36 23 42 59 59 61 60 61 41 45 50 60 49 59 61
28 28 19 35 45 45 33 55 50 50 49 45 43 53 57 41 33 59 31 59 56 44 55 50 55 50 49 56 54 55 39 51 42 56 50 58 51 48 36 24 56 46 54 57 55 58 56 49 54 58 28 29 53 51 36 50 56 54 58 41 44 35 37 50 52 61 55 37 58 60 61 52 51 42 42 54 53 58 41 45 48 61 47 45 46 56 59 56 61 48 54 42 47 43 52 53 60 49 55 57 59 56 58 55 50 28 29 34 59 59 60 51 56 26 32 33 60 58 52 60
30 39 30 46 43 41 49 58 55 51 45 43 44 53 58 50 46 58 44 59 56 48 54 47 58 50 47 51 58 57 33 50 51 58 51 57 59 55 50 43 58 33 51 52 44 55 53 48 53 59 30 36 50 43 40 43 39 45 57 54 47 50 45 47 54 56 55 45 52 58 60 54 56 50 52 61 56 59 43 50 58 60 51 51 47 57 59 57 60 57 55 49 57 44 52 47 58 52 56 60 59 55 58 57 57 29 28 34 59 59 61 60 56 33 39 35 60 55 58 61
34 36 30 41 43 45 34 49 46 54 38 37 41 51 55 50 38 58 45 59 57 48 45 58 55 50 54 55 58 54 39 54 50 57 54 55 58 53 43 24 57 42 58 49 57 56 51 46 51 57 35 39 50 49 49 48 47 53 54 38 43 45 40 52 51 57 48 39 60 60 60 48 49 54 52 61 55 56 49 58 54 60 53 39 49 46 59 52 60 55 56 56 54 54 45 42 52 42 49 58 59 56 59 57 57 36 24 35 59 59 60 60 59 41 31 51 55 38 59 60
32 22 21 42 39 36 46 56 52 54 47 48 45 54 57 43 45 58 38 58 58 49 49 49 54 48 45 52 56 52 33 48 46 59 45 55 59 50 48 31 58 36 49 39 41 53 54 47 55 58 31 32 52 44 39 41 49 53 59 47 47 34 36 45 57 57 52 46 58 60 61 51 50 53 56 60 59 52 42 49 55 55 49 45 53 55 57 57 60 41 47 47 55 42 52 43 57 50 58 61 59 57 59 57 55 35 33 39 59 59 60 55 57 27 28 34 57 49 58 61
30 43 38 49 47 53 45 49 54 54 48 45 36 46 53 53 37 59 23 59 59 47 52 56 56 46 56 53 58 54 38 45 51 59 56 59 58 53 51 40 58 50 55 48 52 58 48 51 53 59 43 50 56 47 49 50 42 46 58 46 41 46 31 47 57 59 47 49 54 60 61 52 43 57 58 59 59 55 47 52 59 55 58 50 49 54 59 54 61 46 57 52 58 50 54 54 57 45 56 60 59 55 59 58 58 38 27 39 59 59 61 59 57 37 37 41 56 53 59 60
36 42 16 40 39 32 48 50 42 25 35 35 36 48 52 49 35 56 38 55 53 42 47 41 39 39 34 46 51 50 29 48 39 52 36 56 50 36 25 30 55 23 38 35 29 57 38 42 48 57 17 28 37 35 39 38 46 51 44 38 39 45 40 37 48 54 46 23 47 54 59 52 49 28 23 56 52 56 29 35 51 51 51 47 48 50 56 51 59 41 30 36 40 40 40 45 57 49 50 60 59 52 54 44 59 31 21 35 59 59 60 47 50 29 21 38 55 46 56 60
