58 57 56 55 51 50 59 60 52 59 59 58 58 57 55 59 53 60 57 60 59 58 57 58 60 60 56 56 43 56 60 59 59 59 60 59 58 58 59 60 60 59 60 60 60 60 60 56 54 56 55 50 55 57 50 52 56 55 55 54 51 50 49 56 57 55 57 50 57 57 57 57 55 55 57 58 48 56 55 57 57 58 58 58 56 58 56 58 57 56 57 56 57 58 58 57 58 58 53 51 60 60 60 60 60 59 58 60 60 57 58 58 58 53 52 57 35 50 60 57
59 58 54 56 55 57 59 60 60 60 60 60 60 59 60 59 57 60 57 59 56 60 57 60 60 60 60 59 45 58 60 59 59 60 59 60 60 59 59 59 60 60 60 60 60 60 59 60 59 60 58 57 57 54 55 52 56 55 58 56 54 54 55 54 58 58 57 55 58 58 58 57 57 58 58 58 53 57 57 58 58 58 58 58 57 58 57 56 58 57 58 57 58 57 58 57 57 58 52 54 60 60 60 60 60 58 60 60 60 60 58 58 58 57 56 58 50 56 60 58
44 49 43 47 44 44 60 58 59 60 56 55 53 53 57 60 55 60 51 60 57 55 54 58 60 58 50 58 57 55 59 59 60 59 55 60 60 60 60 60 60 60 60 60 59 59 51 53 54 60 44 41 58 50 43 57 57 58 58 57 54 54 49 53 54 52 58 52 56 58 58 58 56 58 55 58 54 56 56 58 54 58 58 58 58 56 56 56 57 58 58 58 58 58 58 57 58 55 52 56 60 60 60 60 60 56 56 59 60 55 58 58 58 58 58 57 56 58 60 58
59 59 56 57 57 55 59 60 58 60 59 55 58 60 60 59 56 60 54 60 59 60 60 59 59 60 59 59 54 59 59 59 59 58 60 60 60 60 59 59 60 58 60 57 60 59 60 58 58 60 56 50 57 50 47 49 58 57 58 56 57 51 53 51 54 55 58 50 57 58 58 57 55 58 57 58 57 56 58 56 57 58 58 56 57 58 58 58 56 57 57 57 58 58 57 58 58 57 53 52 60 60 60 60 60 58 53 60 60 53 58 58 58 58 56 58 48 56 60 58
55 53 46 56 57 56 58 60 60 59 58 58 58 59 58 59 53 60 58 59 58 60 59 59 60 60 58 57 52 55 60 60 59 60 60 60 59 60 55 56 60 59 60 60 60 60 60 58 60 58 58 56 58 57 48 55 57 57 58 57 58 55 55 58 55 57 58 54 57 58 58 58 56 57 57 58 53 57 57 58 57 58 58 58 58 58 57 56 58 58 57 58 57 58 58 56 58 58 54 56 60 60 60 60 60 60 58 60 58 46 58 58 58 57 58 58 53 57 60 58
51 56 52 56 53 57 59 60 59 60 60 60 60 58 60 60 58 60 57 59 58 60 56 60 60 60 54 57 54 57 60 60 60 59 60 59 60 59 59 58 60 60 60 58 59 60 56 53 59 60 50 47 57 50 50 50 58 56 58 57 53 56 49 54 56 53 58 53 58 58 58 55 51 58 57 58 54 57 55 56 58 58 58 56 56 56 58 57 58 58 58 58 58 57 58 57 58 53 54 58 60 60 60 60 60 58 59 60 60 55 58 58 58 55 56 57 56 58 60 58
54 55 54 60 56 53 59 59 59 59 57 58 59 60 59 59 47 60 56 60 59 60 59 56 60 60 57 57 55 56 60 60 59 60 60 60 60 60 59 56 60 60 60 57 59 59 60 60 60 60 53 54 57 56 53 50 58 57 58 57 57 54 49 58 57 56 58 57 58 58 58 56 56 58 57 58 55 58 58 57 57 58 58 58 57 57 58 58 58 58 58 56 58 57 58 58 58 57 55 57 60 59 60 60 59 59 52 59 60 55 58 58 58 58 56 58 47 58 60 58
56 53 51 54 57 55 58 59 56 59 55 59 59 57 58 60 57 60 50 60 60 60 59 60 60 59 50 57 53 60 60 59 60 59 58 56 59 60 60 59 60 59 60 57 59 59 59 52 52 60 54 47 58 51 46 54 56 51 58 56 53 52 50 56 55 56 58 55 55 58 58 57 57 57 58 58 50 55 56 57 58 56 58 58 57 58 58 56 57 57 58 58 58 58 57 54 57 56 56 57 60 60 60 60 60 59 58 60 60 53 58 58 58 58 57 58 53 58 60 58
57 58 57 59 57 54 59 60 60 60 60 59 60 59 60 59 57 60 59 59 59 60 60 57 60 60 60 60 54 59 59 59 59 60 60 60 60 60 59 58 60 59 60 59 60 60 60 58 59 60 57 56 58 58 50 55 58 58 58 57 57 56 56 57 58 57 58 53 57 58 58 57 58 56 58 58 56 58 58 57 58 58 58 58 57 56 58 58 58 58 57 58 57 58 58 56 58 57 57 56 60 60 60 60 60 60 58 59 60 52 58 58 58 56 58 58 47 58 60 58
54 53 52 59 55 55 59 60 58 60 60 57 59 60 59 59 59 60 59 59 59 60 60 60 60 60 56 60 52 57 60 60 60 60 59 60 59 60 60 60 60 60 60 59 60 60 55 58 60 60 57 55 58 57 55 57 58 57 58 58 58 57 55 58 58 57 58 55 57 58 58 58 58 56 58 58 55 56 58 57 56 58 58 58 58 58 58 55 58 58 57 53 57 58 58 57 58 57 56 58 60 60 60 60 60 59 60 60 60 57 58 58 58 54 54 58 49 56 60 58
58 57 51 57 51 50 60 60 56 60 57 56 56 57 59 60 54 60 53 59 58 59 58 58 60 59 59 58 56 58 60 60 60 60 60 57 59 60 58 59 60 60 60 59 60 60 57 53 53 58 57 54 57 56 53 52 57 58 58 56 56 56 51 57 57 55 58 55 58 58 58 58 57 57 58 58 56 58 57 58 57 57 58 58 58 58 58 57 58 57 57 58 57 58 57 55 58 56 53 58 60 60 60 60 60 60 54 60 60 57 58 58 58 57 52 58 46 58 60 58
58 58 57 57 55 51 58 60 58 60 60 58 57 58 59 59 54 60 54 60 59 58 59 60 60 60 60 58 55 59 60 60 59 60 60 60 49 60 60 58 60 59 60 57 60 60 59 59 54 60 57 56 58 55 51 51 58 58 58 58 55 53 51 57 56 58 58 57 58 58 58 56 57 57 58 58 57 58 58 58 57 57 58 58 58 55 56 58 58 58 58 58 57 57 58 57 58 57 50 55 60 60 60 60 60 59 58 59 60 57 58 58 58 57 54 58 51 58 60 58
49 55 50 51 56 51 59 58 58 58 58 54 52 56 55 58 51 60 51 60 51 60 60 53 60 59 60 57 39 56 60 59 59 59 60 57 53 59 58 58 59 60 60 60 60 60 59 58 52 56 54 53 56 54 50 47 56 56 58 55 55 54 52 54 53 50 56 53 55 58 57 58 57 58 56 58 47 57 58 57 56 58 58 58 57 58 56 58 57 58 56 55 58 56 58 56 58 57 49 52 60 60 60 60 60 57 59 58 60 55 58 58 58 57 56 58 51 57 60 58
56 59 54 60 55 52 60 60 60 60 59 55 58 60 60 60 53 60 54 60 60 60 59 58 60 60 59 58 59 60 59 60 60 60 60 58 60 60 59 56 60 58 60 58 59 60 60 58 54 57 53 57 58 58 52 51 58 58 58 57 55 56 55 56 56 58 58 52 56 58 58 58 58 58 58 58 57 58 56 57 58 58 58 58 58 58 58 57 58 56 58 56 57 57 58 57 58 58 53 57 60 60 60 60 60 57 60 59 60 56 58 58 58 57 56 58 45 56 60 58
54 57 55 55 55 58 60 59 59 60 60 60 60 60 59 59 60 60 60 59 59 60 59 60 60 58 59 55 54 54 58 60 60 60 60 59 60 60 60 59 60 59 60 55 59 58 60 58 57 60 51 50 58 51 53 54 58 58 58 57 55 56 52 56 55 58 58 53 53 58 58 56 58 58 54 58 58 58 51 58 53 58 57 58 57 51 57 57 58 57 58 57 58 58 56 55 57 55 40 57 60 60 60 60 60 59 57 60 60 59 58 58 58 57 57 57 49 57 60 58
57 57 57 58 59 58 58 60 59 60 60 60 60 60 60 60 56 60 57 60 60 60 60 59 60 60 57 57 53 60 58 60 60 60 60 60 57 60 57 59 60 60 60 58 60 60 60 55 60 58 55 55 57 57 55 55 57 58 58 57 55 56 55 57 58 58 58 56 58 58 58 58 58 58 56 58 55 58 57 57 58 58 58 57 57 57 56 58 58 58 57 57 57 57 58 58 58 58 53 53 60 60 60 60 60 56 56 60 59 57 58 58 58 58 58 58 45 58 60 58
56 57 59 58 58 55 60 60 59 60 59 59 60 60 60 60 60 60 58 60 60 60 60 60 60 59 54 59 58 60 60 60 60 60 60 60 60 60 60 60 60 60 60 60 60 60 58 55 54 60 55 54 58 58 56 53 56 57 58 56 56 55 58 58 57 57 58 57 55 58 58 57 58 58 58 58 56 58 57 58 58 58 58 58 57 58 58 57 58 58 58 57 58 57 58 54 58 54 56 57 60 60 60 60 60 59 60 60 60 56 58 58 58 56 55 58 52 58 60 58
57 56 46 55 59 56 58 60 58 59 59 54 60 58 59 59 54 60 58 59 60 60 58 57 60 59 60 54 55 59 60 60 59 60 60 60 60 60 59 56 60 59 60 52 60 60 59 57 58 60 58 52 56 54 53 56 58 57 58 57 55 55 55 57 56 56 57 54 58 58 58 57 57 57 58 58 54 58 57 58 58 58 58 57 58 58 58 55 58 57 58 57 58 58 57 55 58 57 54 55 60 60 60 60 60 59 52 58 60 50 58 58 58 53 56 58 46 57 60 58
56 52 44 56 55 52 60 60 59 60 58 58 58 59 57 60 54 60 55 58 57 59 57 59 60 60 58 55 55 58 59 60 59 60 59 60 60 60 59 59 60 59 60 57 60 60 60 56 57 59 55 54 58 52 53 51 57 56 57 56 52 51 53 56 55 57 58 53 56 58 58 58 56 58 57 58 55 57 57 57 58 58 58 57 58 57 57 58 58 56 57 57 57 57 58 56 58 57 51 56 60 60 60 60 60 57 58 58 60 53 58 58 58 57 58 58 36 57 60 58
55 55 54 54 51 54 57 60 55 59 59 59 56 58 56 60 58 60 49 60 59 59 55 59 60 60 60 54 56 53 60 60 60 60 60 59 58 60 60 59 60 60 60 59 60 60 55 55 52 59 57 56 57 55 53 56 57 58 57 57 56 58 50 57 58 58 57 55 58 58 58 58 56 56 57 58 57 58 57 57 57 58 57 58 58 58 57 57 58 56 58 57 57 57 58 57 58 57 53 58 60 60 60 60 60 57 58 59 60 58 58 58 58 56 57 58 37 58 60 58
56 59 49 56 56 51 60 60 52 60 60 53 57 59 59 60 53 60 57 57 60 58 59 59 60 60 58 58 54 59 59 60 60 60 56 59 55 59 59 58 60 58 59 60 60 60 57 53 56 60 56 53 56 56 52 57 58 55 56 56 55 57 56 57 54 57 57 52 56 55 58 58 57 57 54 58 52 58 52 58 56 57 58 58 58 58 57 57 58 53 56 57 57 57 58 51 58 56 56 57 60 60 60 60 60 58 56 60 60 55 58 58 58 57 44 58 47 57 60 57
