73 74 73 80 76 77 85 96 81 97 82 87 79 94 98 91 70 104 79 105 103 78 91 97 95 82 92 100 83 95 86 104 99 102 101 103 102 83 78 79 93 64 88 90 86 95 88 78 81 89 74 71 85 82 73 85 91 89 98 91 70 67 61 81 93 96 97 71 100 104 103 91 82 91 92 108 90 94 94 101 96 100 97 97 95 102 96 98 106 85 87 86 85 82 86 79 92 88 86 89 102 100 100 93 97 77 76 87 102 99 101 93 97 72 69 80 70 65 113 116
88 88 76 89 88 89 91 94 98 104 90 90 96 100 105 98 93 105 98 103 99 97 98 106 105 91 90 101 92 100 101 111 108 107 99 106 106 88 88 88 95 77 87 83 79 95 87 88 89 95 91 86 93 83 88 86 86 91 103 85 86 83 82 82 101 99 98 83 103 105 105 98 95 104 100 104 99 106 96 110 104 107 102 104 97 104 101 96 107 92 92 91 93 87 90 91 90 90 85 91 102 101 102 101 99 81 74 88 102 102 102 101 101 87 72 92 94 93 118 118
51 71 48 68 59 61 94 85 92 105 96 89 85 80 96 102 94 103 71 95 92 89 89 102 106 90 70 90 95 87 96 107 110 106 92 97 106 91 95 95 95 80 89 73 76 76 72 72 80 89 56 54 88 71 59 83 80 88 102 92 84 86 67 84 86 95 99 84 98 96 96 94 85 102 96 108 97 88 100 105 94 99 99 98 97 91 98 93 100 93 93 92 94 84 88 89 85 78 78 84 102 99 102 100 99 82 83 98 102 97 101 98 101 87 85 87 96 99 118 118
80 79 70 81 83 86 90 99 94 102 82 81 77 95 99 100 74 102 71 104 103 91 96 94 101 98 95 101 100 98 101 102 103 91 100 102 106 88 82 71 90 77 93 86 91 91 87 84 83 96 76 63 86 82 68 76 100 96 101 92 76 74 79 79 95 96 101 70 102 105 105 93 91 93 94 104 100 105 95 98 99 107 98 85 92 103 105 102 104 90 83 84 93 79 76 86 93 88 80 83 102 100 102 100 96 73 62 83 102 96 102 92 98 82 68 84 91 94 116 116
65 65 57 75 75 81 75 101 102 88 86 76 80 97 100 83 71 105 82 104 102 88 97 92 99 79 92 97 96 98 86 100 80 104 93 106 104 79 54 55 95 70 81 84 78 92 92 84 92 93 73 70 90 79 70 83 80 88 92 77 82 82 75 92 87 93 87 80 96 98 104 87 86 83 94 98 95 99 92 94 101 95 91 91 95 100 100 98 106 84 80 82 86 68 76 83 90 87 85 92 102 96 102 95 96 75 65 72 100 88 101 85 90 65 74 79 96 97 117 117
65 74 70 76 76 81 85 90 93 96 88 98 98 95 103 96 86 101 86 103 102 94 91 98 106 94 80 97 96 98 90 103 101 100 96 104 106 89 85 76 93 75 89 78 70 90 84 79 85 95 67 61 84 71 72 80 94 96 103 93 82 94 77 90 96 93 98 86 98 102 103 89 80 102 98 107 93 96 96 99 104 102 84 82 83 88 105 89 104 93 91 91 95 82 79 78 84 73 85 95 102 98 101 100 99 74 72 72 102 97 102 95 96 78 69 79 99 95 118 117
61 67 60 83 82 68 75 87 85 90 78 83 80 91 102 79 56 103 68 104 92 94 94 78 103 102 100 102 101 99 93 101 90 100 103 104 104 83 74 59 87 80 92 92 86 95 82 87 83 94 64 78 88 87 77 82 92 93 95 90 77 72 68 87 93 95 94 81 103 104 103 85 92 75 86 103 90 101 87 100 85 100 88 86 82 95 103 99 106 78 87 79 87 79 83 73 88 79 87 93 102 100 102 98 96 79 59 76 102 97 102 90 100 82 70 86 89 89 118 116
70 73 73 75 82 84 81 88 85 97 79 80 86 86 97 98 82 100 74 105 102 90 96 99 98 85 82 96 93 100 95 109 104 101 93 98 102 89 78 73 94 73 84 72 75 86 86 78 80 96 64 62 84 71 65 81 74 76 101 89 80 79 68 87 96 97 95 89 89 99 105 88 92 91 104 107 87 97 99 96 102 100 92 87 88 97 104 92 104 92 86 91 92 82 78 72 84 81 87 93 102 96 102 100 100 83 62 81 102 95 102 99 99 81 75 84 95 94 118 118
66 83 75 88 87 83 89 102 95 94 87 85 86 94 105 92 75 105 86 104 103 93 101 83 103 91 90 107 100 101 86 96 92 105 94 107 106 85 75 66 96 75 88 84 79 90 88 83 92 96 65 74 88 86 70 87 87 99 102 92 82 81 81 88 100 103 101 80 101 104 103 89 95 80 97 104 105 103 94 94 102 104 100 92 92 90 103 99 106 84 80 84 87 84 86 79 92 82 87 90 102 96 102 102 94 77 63 75 102 95 102 94 93 70 73 79 91 95 117 118
63 63 58 81 77 75 95 101 94 101 90 77 92 97 100 92 100 105 95 103 103 97 97 102 106 86 80 101 91 100 93 102 105 105 88 105 105 89 86 82 95 76 81 75 76 93 74 84 93 96 75 74 85 94 87 92 97 98 96 90 80 86 80 90 93 96 101 82 94 104 102 96 97 83 95 108 99 99 99 97 93 106 100 98 97 101 103 96 107 91 80 74 89 78 83 84 91 87 90 93 102 98 102 101 96 81 75 88 102 99 102 96 92 69 73 85 90 77 118 117
67 67 59 74 64 72 84 92 79 98 94 91 80 97 103 93 85 105 77 104 102 89 95 101 101 91 91 98 102 102 92 97 96 103 91 100 105 79 84 82 95 76 85 87 83 90 83 80 84 95 72 75 94 78 75 80 90 88 101 89 84 80 73 87 83 95 95 77 93 104 103 95 89 98 99 106 97 102 96 94 97 102 99 86 94 101 103 93 106 91 86 83 89 87 78 78 88 83 86 96 102 97 102 100 95 87 65 89 102 99 100 97 100 80 66 79 88 95 117 118
78 75 70 83 77 77 78 100 82 90 84 78 75 90 101 83 84 105 81 104 104 81 96 91 95 98 100 105 99 102 84 97 89 104 98 106 93 79 77 61 90 68 90 77 85 95 88 90 87 96 73 72 85 86 74 79 96 87 98 87 77 76 75 88 95 102 84 84 98 102 104 91 90 80 95 107 104 98 93 99 80 95 101 102 99 91 92 102 106 77 81 76 88 75 86 93 96 90 84 91 102 97 102 97 90 79 60 76 102 99 102 97 84 69 66 77 91 85 115 114
65 74 65 72 79 84 83 89 87 83 75 69 65 81 92 90 74 104 67 105 91 86 86 73 99 90 93 100 73 94 96 105 101 105 88 102 96 81 62 64 93 81 87 87 83 93 81 77 80 92 72 72 79 81 70 71 81 88 91 72 74 73 67 78 91 83 89 70 98 103 103 91 91 82 78 101 81 99 93 95 95 99 97 89 94 99 97 98 103 83 76 75 86 79 76 80 90 83 76 87 102 94 101 94 95 74 62 66 102 97 100 97 88 79 70 84 93 97 114 116
72 91 69 94 82 79 94 101 91 91 88 91 95 100 105 99 91 105 78 103 105 97 100 101 99 99 95 103 101 108 88 98 103 106 94 101 103 78 82 78 95 68 89 76 81 95 89 87 86 93 71 75 88 91 70 84 97 97 94 89 93 91 86 92 89 104 102 86 99 102 104 104 102 95 98 106 101 108 85 98 103 104 96 101 103 102 107 105 106 89 87 83 87 77 88 74 93 92 85 94 102 99 102 95 101 70 67 78 102 98 102 91 98 70 63 78 84 83 116 117
58 73 72 76 78 90 82 98 90 103 94 95 98 96 103 82 96 103 91 103 104 98 96 103 107 93 101 92 97 95 82 98 101 105 102 103 104 86 81 80 95 76 91 75 81 88 79 84 83 93 64 65 91 73 79 78 98 94 103 96 85 88 85 86 81 98 103 83 93 102 103 92 91 104 92 106 105 100 75 101 98 105 85 93 87 86 102 99 103 93 94 86 94 83 82 77 93 75 67 94 102 101 102 102 98 79 66 85 102 101 102 101 102 82 86 91 92 90 118 118
72 71 61 77 88 87 79 99 93 100 96 92 90 100 104 88 76 105 75 105 102 91 101 98 104 99 96 102 96 104 93 107 99 105 98 107 98 86 76 67 93 84 91 93 92 95 93 82 91 93 71 71 96 92 76 89 97 96 103 85 87 79 80 94 97 106 99 82 102 104 105 97 95 89 88 101 97 105 94 99 94 107 94 93 93 101 105 102 107 85 88 80 83 79 89 89 95 85 86 87 102 100 101 99 93 70 70 80 101 99 101 92 97 71 75 78 88 99 111 117
70 80 73 88 85 80 93 102 98 98 92 89 91 100 105 96 92 104 89 105 102 94 100 96 107 98 90 99 105 106 89 106 108 106 99 105 107 92 88 84 95 73 89 91 81 92 89 82 85 96 69 74 92 85 80 80 79 86 102 97 90 92 91 92 98 100 99 88 94 102 104 97 100 97 99 108 101 106 97 104 104 106 97 97 92 103 105 102 106 93 91 86 94 81 88 79 93 83 91 95 102 99 101 101 101 73 73 80 102 98 102 101 99 75 78 80 95 96 117 118
75 76 60 80 86 85 77 93 88 101 87 78 89 96 101 97 80 104 89 104 103 94 89 104 104 99 103 98 102 102 96 110 105 106 102 104 106 91 82 66 95 79 95 81 94 93 89 82 86 94 77 75 91 87 86 88 89 94 99 84 86 88 83 96 94 100 92 80 104 104 104 92 93 101 99 108 98 103 102 113 100 106 99 84 95 94 105 95 106 91 92 91 92 91 80 76 88 79 83 91 102 99 102 100 100 82 61 80 102 94 102 101 101 80 72 93 85 79 118 117
74 60 49 82 78 72 90 100 95 103 93 93 90 100 101 89 85 104 80 102 101 94 92 97 103 97 93 96 100 99 88 104 103 107 93 103 107 88 85 72 95 77 87 75 81 90 91 81 91 94 72 72 94 80 76 76 90 93 103 90 86 74 77 88 99 101 97 85 100 104 105 95 92 101 102 107 103 98 96 103 102 101 95 90 99 100 102 103 106 78 83 84 90 79 88 78 92 86 87 94 102 100 102 100 98 78 75 82 102 95 101 96 98 69 69 78 76 90 117 118
69 82 76 87 82 91 86 93 93 101 97 91 81 91 96 100 83 105 62 105 104 92 93 104 105 95 105 96 103 96 94 101 108 107 104 106 104 91 90 77 96 87 92 86 89 95 82 83 83 95 84 90 97 86 86 90 83 88 103 92 85 91 70 91 102 104 92 91 99 104 105 97 87 102 104 106 105 102 101 105 104 101 103 96 95 100 104 99 107 84 92 87 93 84 89 88 92 81 87 95 102 99 102 101 101 81 69 82 102 100 102 101 98 78 78 85 77 94 118 117
76 85 51 80 79 67 93 94 78 79 86 77 81 94 98 96 74 102 82 98 99 87 93 90 91 90 83 94 94 99 85 105 96 101 80 104 95 77 68 71 93 63 77 76 70 94 77 75 84 94 59 65 78 75 75 79 88 90 91 84 83 89 84 83 90 99 90 63 90 95 103 96 92 77 71 103 95 103 77 92 95 96 99 93 95 97 101 96 105 79 71 77 80 77 80 74 92 83 88 94 102 95 98 88 102 75 60 78 102 97 101 88 93 70 48 81 85 86 115 116
