16 16 16 16 16 16 16 16 16 9 10 13 12 13 13 13 12 14 12 14 14 12 14 11 11 9 11 11 11 11 4 4 3 12 10 10 8 22 21 17 22 19 21 20 22 22 20 22 22 23 16 16 16 16 16 16 16 16 13 13 11 11 11 12 12 13 13 12 12 14 14 12 14 10 10 11 11 11 3 4 12 11 11 11 10 11 11 11 12 20 22 17 21 20 20 21 23 22 20 23 17 17 17 17 17 17 17 17 17 17 17 17 17 17 17 17 17 17 1 1
16 16 16 16 16 16 16 16 16 12 10 11 13 13 13 14 14 14 14 14 14 14 14 11 11 11 11 11 11 11 4 4 4 11 12 11 12 22 21 19 23 20 22 20 20 23 23 22 22 23 16 16 16 16 16 16 16 16 12 12 12 11 13 13 12 13 14 14 14 14 14 14 14 11 11 11 11 11 4 4 12 12 12 12 10 12 12 12 12 21 21 21 22 19 22 21 23 23 18 23 17 17 17 17 17 15 16 17 17 17 17 17 17 16 16 16 17 17 1 1
16 16 16 16 16 16 16 16 16 10 9 10 9 13 13 14 13 14 14 14 14 14 14 11 10 9 11 11 11 11 4 4 3 12 12 11 12 21 20 18 23 19 21 20 22 23 19 20 23 23 16 16 16 16 16 16 16 16 12 9 11 9 10 13 13 13 14 14 14 14 14 13 14 10 9 11 11 11 3 4 12 12 12 11 12 12 12 12 12 23 22 18 22 17 20 20 22 22 17 21 17 17 17 17 17 16 16 17 17 17 17 17 17 15 17 17 17 17 1 1
16 16 16 16 16 16 15 16 16 13 10 10 12 13 13 13 12 14 13 14 14 13 14 11 11 11 11 11 11 11 4 4 4 12 12 12 12 22 18 17 23 21 21 20 22 23 23 21 23 23 16 16 16 15 16 16 16 16 10 12 13 12 11 13 13 13 11 14 14 14 14 14 12 11 11 11 11 11 4 4 12 12 12 12 12 12 12 12 12 23 20 17 20 21 22 21 23 22 19 23 17 17 17 17 17 17 17 17 17 17 17 17 17 17 17 17 17 17 1 1
16 16 16 16 16 16 16 16 16 9 9 11 11 12 13 11 14 14 12 14 14 13 14 9 10 9 10 11 11 11 4 3 2 12 12 11 12 18 17 15 22 18 22 23 22 23 23 23 20 23 16 16 16 16 16 16 16 16 9 10 11 10 12 13 13 13 13 11 14 14 14 13 13 7 10 10 11 11 3 2 12 12 12 11 12 12 12 12 12 17 20 19 19 18 21 21 23 23 22 22 17 17 17 17 15 17 16 17 17 17 17 17 17 16 17 15 17 17 1 1
15 16 16 16 16 16 16 16 16 13 11 12 13 13 13 14 14 14 14 14 14 14 14 11 11 11 11 11 11 11 4 4 4 12 12 11 12 22 21 23 22 20 23 23 23 23 23 22 23 23 16 15 16 16 16 16 16 16 13 13 12 12 12 13 13 13 14 14 14 14 14 14 14 11 11 11 11 11 4 4 12 12 12 12 11 12 12 12 12 22 23 22 22 21 22 22 23 23 22 23 17 17 17 17 17 17 17 17 17 17 17 17 17 17 17 17 17 17 1 1
15 16 16 16 16 16 16 16 16 8 8 7 10 13 13 13 12 14 13 14 14 11 14 9 11 8 10 11 11 11 4 4 4 9 11 9 12 19 18 17 22 18 20 23 23 22 18 19 21 23 15 16 16 16 16 16 16 16 9 9 9 10 11 11 13 13 12 12 14 13 14 12 14 9 9 10 10 11 4 4 12 11 12 10 10 10 12 12 12 17 21 15 17 15 18 23 23 23 14 23 17 17 17 17 17 17 17 17 17 17 17 17 17 17 17 17 17 17 1 1
16 15 16 15 16 16 16 16 16 10 9 9 12 13 13 14 12 14 12 14 14 13 14 9 9 10 11 11 11 11 4 3 2 12 12 12 12 19 19 16 21 16 19 22 18 23 20 21 23 23 15 15 16 16 16 16 16 16 11 11 10 10 11 13 13 13 13 13 14 14 14 12 13 9 11 9 11 10 2 3 12 12 12 12 12 11 11 12 12 18 19 15 20 17 18 21 22 22 17 23 17 16 17 17 17 14 15 16 17 17 17 17 17 14 16 14 17 17 1 1
12 15 16 15 16 16 15 16 16 13 13 13 13 13 13 14 14 14 13 14 13 14 14 11 11 11 9 11 11 10 4 4 3 12 12 11 12 23 21 21 23 17 22 23 22 23 19 21 19 23 14 14 14 16 16 16 15 16 13 13 13 13 13 13 13 13 12 14 14 14 14 14 14 9 10 11 11 11 3 4 12 12 12 12 11 12 12 12 12 20 23 20 20 18 22 23 23 21 20 23 17 17 17 17 17 17 17 17 17 17 17 17 17 17 17 17 17 17 1 1
16 16 16 16 16 16 15 16 16 11 10 9 11 13 13 13 14 14 12 14 14 14 14 11 10 10 11 11 11 11 4 4 3 11 12 11 12 20 18 14 21 19 20 22 22 23 21 22 22 23 15 16 16 16 16 16 16 16 13 10 10 11 10 13 13 13 13 14 14 14 14 12 14 9 11 11 11 11 4 3 12 12 12 11 11 12 12 12 12 17 21 18 20 18 19 19 22 22 22 23 17 17 17 17 17 17 17 17 17 17 17 17 17 17 17 17 17 17 1 1
15 16 16 16 16 16 16 16 16 13 11 13 13 13 13 13 14 14 14 14 14 14 14 11 11 11 10 11 11 11 4 3 2 12 12 11 12 20 18 20 23 20 20 21 23 23 21 21 23 23 16 16 15 16 16 16 16 16 13 12 13 12 13 13 13 13 14 13 14 14 14 14 14 10 11 11 11 11 2 3 12 12 11 12 12 12 12 12 12 23 22 18 20 20 20 20 22 23 19 23 17 16 17 16 17 9 15 17 17 16 16 16 15 13 16 15 16 16 1 1
16 16 16 16 16 16 16 16 16 12 11 9 12 13 13 14 13 14 13 14 14 13 14 11 11 10 10 10 11 9 4 4 4 12 12 11 12 21 17 21 22 20 23 19 23 23 18 20 18 23 16 16 16 16 16 16 16 16 12 12 9 11 13 13 13 13 11 14 14 14 14 14 14 10 7 11 11 11 4 4 12 12 12 12 11 11 11 12 12 22 20 20 20 20 20 20 22 21 19 22 17 17 17 17 17 17 17 17 17 17 17 17 17 17 17 17 17 17 1 1
16 16 16 16 16 16 16 16 16 12 12 11 11 12 13 14 12 13 14 14 14 14 14 11 11 11 11 11 11 11 4 4 4 12 12 11 12 23 22 22 23 21 23 22 23 23 21 22 22 23 16 16 16 16 16 16 16 16 13 10 9 13 13 13 13 13 14 13 14 14 14 12 14 11 11 11 11 11 4 4 12 12 12 11 12 12 12 12 12 23 23 22 22 23 23 20 23 23 20 22 17 17 17 17 17 14 16 17 17 17 17 17 16 15 16 17 17 17 1 1
15 16 16 15 16 16 15 16 16 10 9 10 11 13 13 13 11 14 12 14 14 14 14 8 10 10 11 11 11 10 4 4 3 10 12 11 12 22 21 18 23 18 22 23 22 23 21 21 21 23 16 16 15 14 16 16 16 16 12 10 11 11 10 12 13 13 12 13 14 14 14 12 13 9 8 10 11 11 3 4 11 12 11 11 12 12 12 12 12 19 23 19 22 20 22 23 23 23 18 22 17 16 17 17 17 17 16 17 17 17 17 17 17 15 17 17 17 17 1 1
14 16 16 15 16 16 14 16 16 12 13 12 13 13 13 14 13 14 14 14 14 14 14 11 11 10 11 11 11 11 4 4 3 11 12 11 12 21 20 15 22 17 19 18 22 23 20 21 21 23 16 14 13 16 16 16 16 16 13 12 13 13 12 13 13 13 14 14 14 14 14 13 14 10 11 11 11 11 3 4 12 12 12 12 9 12 11 12 12 19 18 16 20 16 21 21 23 23 20 23 17 17 17 17 17 16 17 17 17 17 17 17 16 17 17 17 17 17 1 1
16 16 16 16 16 16 15 16 16 12 11 10 12 13 13 12 13 14 14 14 14 13 14 11 11 9 11 11 11 11 4 4 4 12 12 11 12 19 19 15 22 19 23 22 23 23 21 22 22 23 15 16 16 16 16 16 16 16 12 11 10 12 13 13 13 13 14 12 14 14 14 12 14 10 11 10 11 11 4 4 12 12 11 12 12 12 12 12 12 22 19 19 21 19 18 21 23 22 22 23 17 17 17 17 17 16 17 17 17 17 17 17 17 17 17 16 17 17 1 1
15 16 16 16 16 16 15 16 16 12 9 13 13 13 13 14 14 14 14 14 14 14 14 11 11 11 11 11 11 11 4 4 4 11 12 12 12 23 23 21 23 20 22 22 23 23 23 23 23 23 14 16 16 16 16 16 16 16 13 11 12 12 12 13 13 13 14 14 14 14 14 14 14 11 11 11 11 11 4 4 12 12 12 11 12 12 12 12 12 23 22 21 22 21 23 23 23 23 22 23 17 16 17 17 17 17 16 15 17 17 17 17 17 15 17 15 17 17 1 1
15 16 16 16 16 16 13 16 16 13 13 13 13 13 13 14 14 14 14 14 14 14 14 11 11 11 11 11 11 11 3 4 4 12 12 12 12 22 22 22 23 19 22 20 20 23 23 21 22 23 15 14 16 15 16 16 16 16 13 13 13 13 13 13 13 13 14 14 14 14 14 14 14 11 11 11 11 11 4 3 12 12 12 12 12 12 12 12 12 21 21 18 21 20 22 23 23 22 20 23 17 17 17 17 17 16 15 17 17 17 17 17 17 16 17 16 17 16 1 1
15 16 16 16 16 16 16 16 16 12 13 13 13 13 13 14 14 14 14 14 14 14 14 11 11 11 11 11 11 11 4 4 4 12 12 12 12 23 23 21 23 21 21 22 21 23 22 23 22 23 16 16 15 16 16 16 16 16 13 13 12 13 13 13 13 13 14 14 14 14 14 14 14 11 11 11 11 11 4 4 12 12 12 12 12 12 12 12 12 20 23 22 21 22 22 23 23 23 20 23 17 17 17 17 17 17 17 17 17 17 17 17 17 17 17 17 17 17 1 1
16 16 16 16 16 16 16 16 16 11 9 12 12 13 13 13 13 14 14 14 14 14 14 11 11 11 11 11 11 11 4 4 4 12 12 10 12 22 23 23 23 22 21 23 23 23 22 20 22 23 16 16 16 16 16 16 16 16 13 10 11 11 12 13 13 13 14 13 14 14 14 13 14 11 11 11 11 11 4 4 12 12 12 12 11 12 12 11 12 22 23 19 23 23 22 23 23 23 22 23 17 17 17 17 17 16 17 17 17 17 17 17 17 16 17 17 17 17 1 1
16 16 16 16 16 16 16 16 16 10 9 12 11 13 13 14 12 14 13 14 14 13 14 11 11 9 11 11 11 10 4 4 3 12 12 11 12 22 21 17 23 18 23 22 23 23 19 22 22 22 16 16 16 16 16 16 16 16 13 11 10 11 11 13 12 13 12 14 14 13 14 14 13 9 10 11 11 11 3 4 12 12 12 12 12 11 12 12 12 22 20 19 22 19 22 22 23 20 20 22 17 17 17 17 17 16 17 12 17 16 17 17 16 15 16 16 17 17 1 1
