34 42 33 43 44 45 43 53 44 48 36 32 31 42 54 50 39 57 30 59 56 37 50 41 54 31 50 53 54 53 41 53 50 58 48 52 56 49 46 31 56 31 47 36 44 56 43 48 52 58 40 37 52 41 40 35 38 43 58 43 35 33 32 42 53 52 52 36 55 60 61 42 52 51 51 57 54 57 42 56 47 55 42 40 43 53 54 51 61 49 56 46 54 42 38 46 59 55 52 61 59 55 59 59 56 39 39 48 59 59 61 60 54 44 51 38 60 52 59 60
36 46 43 37 43 53 45 50 50 55 34 37 54 56 59 53 52 58 47 57 59 51 53 53 59 50 45 54 59 53 42 54 52 57 49 53 57 53 48 42 58 38 55 43 41 54 53 49 47 58 41 40 52 42 53 52 54 55 58 45 45 33 40 47 55 58 54 46 60 58 61 52 51 54 59 59 54 57 49 58 60 59 49 48 42 54 60 55 60 56 57 54 57 47 52 46 57 49 50 60 59 58 59 58 59 39 34 54 59 59 61 60 61 39 32 56 61 56 59 61
34 39 31 37 36 38 42 47 49 51 31 35 31 45 55 48 38 56 46 57 55 44 48 39 55 42 46 53 57 51 31 50 46 56 49 52 58 52 45 40 54 33 41 34 47 53 43 43 50 56 33 33 50 39 42 43 48 48 53 32 32 25 27 50 47 53 56 51 60 60 60 42 53 53 38 54 57 53 39 54 55 58 39 41 44 50 58 55 60 58 53 40 55 38 40 42 54 53 44 57 59 49 59 58 56 44 33 55 59 59 61 59 47 38 34 57 60 60 56 61
37 35 35 41 46 51 44 53 50 48 28 34 36 53 57 55 36 59 39 59 59 41 49 48 56 42 45 55 57 55 48 47 51 59 51 59 58 50 47 31 59 48 49 44 52 57 50 44 56 59 40 38 43 40 39 49 46 48 54 40 45 48 35 51 61 56 52 55 61 60 60 51 42 51 57 57 57 52 45 48 59 60 53 51 49 50 57 47 58 59 47 41 51 42 47 48 59 53 43 59 59 53 59 57 58 43 24 42 59 59 60 58 52 40 43 49 61 57 59 60
23 36 30 31 46 48 49 58 57 48 42 36 38 50 59 42 46 58 34 59 58 51 58 44 54 40 44 58 55 58 48 39 34 58 51 55 57 40 26 21 54 31 47 46 50 58 56 57 46 59 52 37 54 46 40 55 58 60 45 33 33 30 36 40 56 56 53 37 57 60 61 49 53 26 39 50 57 56 47 52 51 58 47 51 57 55 49 56 60 38 43 40 40 33 48 49 57 58 54 58 59 55 58 55 48 28 25 44 59 59 59 58 58 36 38 43 58 50 58 61
39 41 33 41 48 41 50 57 49 55 44 45 48 58 59 57 55 56 45 59 58 45 55 57 56 46 49 55 58 48 46 50 49 57 53 55 58 48 43 51 53 44 53 50 51 55 54 47 54 58 46 41 59 49 43 47 49 47 57 42 35 45 38 47 61 59 61 45 59 58 61 51 47 50 54 57 57 52 50 57 60 61 54 47 54 53 57 55 61 54 59 48 54 49 46 49 60 55 55 60 59 54 59 59 48 31 39 45 59 59 61 61 60 47 44 40 61 57 59 61
33 46 36 37 46 48 44 44 48 40 21 19 28 46 54 49 28 57 35 59 58 29 49 29 49 22 37 55 57 57 52 52 49 52 35 51 58 43 34 36 52 34 44 52 53 55 43 40 47 59 38 45 52 52 50 49 45 49 39 25 17 25 22 46 57 61 52 34 56 59 61 43 57 36 47 45 57 59 43 50 37 52 44 34 34 50 59 58 60 42 47 35 42 32 28 47 57 56 39 59 58 50 56 57 50 39 40 43 59 59 58 60 52 45 44 48 61 56 53 58
27 24 31 31 38 47 54 58 55 49 31 30 32 52 53 46 29 59 43 59 59 41 48 32 44 27 40 56 55 55 40 46 40 55 42 58 56 46 28 28 54 21 41 49 36 56 47 46 52 59 35 28 40 28 36 39 56 59 49 37 33 27 31 50 50 57 48 48 55 61 59 48 48 44 51 48 57 55 44 40 54 59 39 35 47 54 56 54 61 44 45 30 43 33 34 40 55 56 47 57 59 47 57 56 54 28 33 42 59 59 59 57 52 38 44 39 60 52 58 52
27 46 23 39 44 42 47 55 54 52 38 46 42 46 55 57 45 58 26 56 52 44 47 50 50 36 39 55 55 49 40 45 50 56 44 53 59 53 48 43 58 30 43 44 48 57 38 39 50 59 31 19 33 42 33 33 41 44 60 48 39 42 39 45 54 58 43 50 54 59 61 52 48 48 54 59 57 57 46 51 53 43 51 54 49 53 57 59 61 45 57 48 52 37 50 57 58 49 42 60 58 50 57 58 53 40 35 53 59 59 61 61 57 41 32 56 60 49 59 61
32 34 34 26 39 39 44 54 46 44 43 29 30 55 59 50 38 56 33 59 58 40 50 39 53 34 42 55 58 55 43 44 48 55 39 55 55 43 36 27 55 38 42 44 49 54 49 51 53 58 36 37 42 32 41 45 42 43 56 42 29 33 30 49 57 55 52 46 56 59 61 41 48 45 51 52 58 54 48 45 54 54 47 42 50 48 58 50 61 42 50 36 44 33 41 46 56 52 53 59 59 51 59 57 53 37 43 40 59 59 60 61 57 35 51 45 60 51 59 61
21 34 38 45 51 49 52 56 53 51 37 44 44 50 57 47 46 58 44 58 57 52 58 54 54 51 48 54 51 59 43 42 38 57 49 57 56 48 41 40 59 33 50 47 50 53 52 52 57 59 34 33 53 35 40 52 52 53 57 46 46 42 43 49 55 56 61 48 58 60 60 50 52 54 57 56 57 57 47 53 59 60 46 44 49 58 57 54 60 60 55 46 54 43 42 38 53 56 46 60 59 55 59 53 57 12 18 49 59 59 60 56 56 29 40 52 55 32 59 59
37 40 38 41 40 45 48 53 53 49 33 35 32 46 53 57 41 59 37 59 56 38 46 43 56 46 41 46 53 50 45 54 54 59 46 55 56 51 41 48 57 38 49 36 43 50 42 45 45 59 38 36 39 34 42 44 41 48 50 39 27 32 36 50 61 59 43 53 57 61 61 51 48 35 36 56 61 52 44 52 55 56 49 56 54 52 57 58 60 52 49 48 46 34 47 44 57 52 51 60 59 48 58 55 52 34 26 54 59 59 61 59 49 42 42 55 59 55 58 61
38 48 41 43 50 45 48 49 47 58 46 31 33 49 56 58 26 54 45 59 58 41 53 51 59 51 51 52 58 51 47 53 57 58 52 52 56 56 52 50 57 51 55 53 57 58 46 47 47 59 41 47 56 47 37 40 45 33 53 46 30 42 44 51 57 59 61 48 59 60 61 47 53 47 54 57 58 60 53 52 57 60 57 53 54 52 59 57 57 59 59 51 55 51 48 53 57 56 46 55 59 56 59 55 56 29 39 44 59 59 61 58 56 44 39 56 61 56 59 61
33 33 33 27 43 47 47 43 42 49 34 24 32 49 56 46 35 58 30 59 57 39 49 34 47 41 51 54 52 52 33 45 39 52 45 53 58 50 38 22 54 28 48 44 46 57 46 43 47 57 38 28 50 22 38 39 44 46 52 32 29 26 30 37 41 49 55 32 53 57 59 47 46 43 34 55 55 54 41 48 34 56 48 50 52 51 57 55 60 45 48 45 54 46 50 52 59 54 48 57 59 46 57 53 52 30 23 49 59 59 61 57 51 28 34 50 61 42 58 61
21 36 28 26 44 32 35 54 49 46 41 41 43 52 56 47 43 59 52 59 59 48 56 44 55 40 44 55 57 56 35 44 46 58 40 56 58 44 47 31 55 21 35 45 49 55 45 48 49 59 30 30 41 31 40 41 55 46 53 40 38 38 35 48 58 58 55 50 56 60 60 46 49 42 52 57 58 55 45 50 49 58 48 44 51 43 57 57 60 41 42 35 54 33 41 46 55 53 48 59 59 47 58 57 54 30 26 51 59 59 59 57 53 34 39 53 59 52 59 60
30 39 35 29 39 41 28 49 45 50 33 31 39 53 59 50 38 59 43 58 59 44 58 46 50 32 52 56 57 55 45 41 45 54 43 54 55 45 40 32 56 34 45 39 53 59 49 54 52 58 40 38 50 40 34 51 54 52 55 37 30 35 39 47 60 58 59 37 60 59 61 41 56 35 46 47 57 55 42 52 49 57 47 41 51 47 60 53 61 54 40 39 45 33 32 50 58 54 52 59 59 53 58 54 54 36 32 49 59 59 59 58 59 37 41 43 58 57 59 61
36 45 52 49 53 42 51 55 55 53 40 49 42 56 58 54 48 59 42 59 59 53 54 55 56 52 55 57 58 58 54 52 55 56 55 56 59 52 51 47 58 44 55 54 55 58 58 54 54 58 43 46 57 53 47 48 56 54 60 41 43 39 38 52 59 61 59 58 61 60 61 56 56 59 61 59 60 57 52 55 61 61 56 48 51 59 61 59 61 58 58 51 59 51 54 54 58 56 55 61 59 58 59 58 56 38 36 42 59 59 61 61 61 41 40 48 60 47 58 60
35 45 38 43 43 47 46 56 55 57 49 53 46 56 56 53 48 59 51 58 59 53 55 56 56 53 48 54 58 58 41 47 54 58 47 59 58 50 53 51 58 40 49 38 47 58 53 47 54 59 33 32 55 41 38 47 56 57 59 46 42 44 44 54 59 59 56 57 60 60 60 50 52 55 57 60 60 56 55 54 60 59 52 56 55 54 61 55 60 57 57 51 58 43 49 52 55 56 56 60 59 55 58 57 57 42 26 54 59 59 61 60 57 43 38 57 57 52 59 61
39 55 55 38 57 58 52 57 57 58 53 55 52 58 59 59 56 59 59 59 59 53 58 59 59 49 57 58 58 57 44 56 57 59 56 58 59 57 56 54 58 42 50 54 50 59 52 57 55 59 50 44 55 51 51 52 59 57 60 47 37 56 52 57 61 61 55 60 61 58 60 52 57 57 60 58 60 58 61 60 59 59 58 58 59 57 55 60 61 53 58 56 56 55 53 59 60 59 54 60 59 58 59 58 58 41 36 51 59 59 61 61 61 54 59 58 61 59 59 61
30 35 27 44 43 33 53 54 50 54 39 45 47 52 58 56 46 59 50 59 58 55 54 53 58 46 57 52 58 56 45 54 59 57 55 57 59 53 56 53 58 46 52 53 55 57 55 45 53 58 48 46 53 50 41 52 56 56 55 39 37 43 48 52 55 54 61 50 59 61 59 50 55 54 46 56 54 56 53 58 51 61 56 47 49 53 60 55 61 55 59 45 56 49 48 53 58 52 58 61 59 54 59 58 53 39 31 55 59 59 61 61 57 48 46 55 61 52 59 61
35 45 29 40 39 51 54 54 53 54 43 34 29 46 58 58 38 58 39 59 58 32 50 53 58 38 48 59 56 51 38 53 56 57 51 54 58 53 46 35 58 35 48 43 44 59 41 50 53 57 45 36 47 43 40 47 42 56 54 44 34 35 38 51 55 55 50 50 58 54 59 46 46 47 48 57 60 55 43 52 57 57 53 52 56 49 60 51 59 55 52 44 51 41 47 48 59 44 47 58 59 54 59 58 47 35 30 28 59 59 61 57 53 37 39 43 60 57 59 61
