88 97 85 102 101 101 102 108 99 107 96 86 86 100 114 110 92 117 74 119 115 97 109 99 114 91 108 109 108 111 101 113 108 117 106 108 114 109 106 90 116 91 107 88 103 115 102 106 105 118 98 93 109 98 95 83 94 101 116 100 91 87 86 99 110 110 110 91 111 118 119 99 109 108 109 115 110 115 100 114 103 112 100 97 100 110 112 106 119 106 113 102 111 100 96 104 117 111 102 119 119 115 119 119 116 99 98 108 119 111 119 118 112 101 108 95 111 110 119 118
92 106 101 92 100 112 104 109 110 114 91 95 113 116 119 112 108 118 104 117 117 111 113 112 119 110 103 113 116 113 101 114 110 117 109 111 117 113 108 102 118 97 115 94 101 114 113 108 106 118 98 94 110 89 105 109 111 112 116 102 100 88 94 104 113 115 112 103 118 116 118 109 107 111 117 117 110 114 107 116 118 117 107 106 100 111 118 108 118 114 115 112 114 105 110 104 115 106 103 115 119 118 119 118 119 97 91 114 119 114 119 118 119 96 88 114 115 114 119 119
90 96 85 94 93 97 101 107 107 111 90 94 90 105 113 108 94 116 103 117 114 104 107 98 115 102 106 111 114 109 90 110 105 116 109 112 118 112 104 98 114 93 101 91 107 113 103 103 110 116 89 86 108 92 95 95 104 102 111 89 83 78 76 106 104 111 114 107 118 118 118 99 109 111 96 112 115 110 96 112 113 116 96 99 101 108 116 109 117 116 111 97 113 96 98 100 112 109 94 114 119 109 119 118 116 104 92 115 119 105 119 117 105 96 91 115 117 118 116 119
92 88 86 88 98 106 104 112 110 108 88 88 89 111 115 115 89 119 91 118 118 101 106 108 116 101 105 111 112 112 108 107 110 119 111 119 117 109 107 90 119 108 109 100 112 117 106 101 112 119 98 93 101 93 90 101 104 106 112 96 99 105 88 106 118 113 110 112 119 118 118 108 97 109 114 115 115 109 102 105 117 118 111 109 107 105 115 103 116 117 105 99 109 100 105 106 117 109 95 116 119 113 119 117 118 102 84 102 119 113 118 116 110 98 100 107 117 115 119 118
77 95 83 88 104 106 109 118 117 107 98 94 97 109 118 100 102 118 86 119 117 110 118 103 114 99 104 117 111 117 107 99 94 118 111 115 116 100 85 78 114 91 107 106 110 118 115 117 99 119 109 94 112 101 92 112 116 118 103 89 88 84 93 96 113 114 111 95 115 118 119 107 111 83 96 108 115 114 105 110 109 116 105 109 114 113 107 113 118 96 101 98 98 91 106 107 115 116 110 115 119 115 118 115 108 86 79 104 119 110 117 116 116 93 95 101 114 108 118 119
96 100 89 100 108 93 110 117 109 115 102 103 108 118 119 117 114 116 104 119 118 104 114 117 116 104 108 115 118 107 106 110 109 117 113 115 118 108 102 111 113 104 113 110 111 115 113 104 114 118 102 98 117 102 93 103 107 104 115 99 92 102 94 103 119 116 119 102 117 116 119 109 105 107 111 115 114 110 108 115 118 119 112 105 110 111 115 112 119 111 117 105 112 106 104 105 118 112 113 118 119 114 119 119 108 89 98 105 119 116 119 119 118 105 102 98 111 115 119 119
90 106 94 96 105 108 104 104 108 100 80 74 86 106 114 109 84 117 93 119 118 88 108 88 109 82 96 114 116 117 112 112 109 112 95 110 115 103 93 96 112 94 104 107 113 115 101 98 103 119 94 101 110 107 103 104 100 98 96 82 68 77 73 103 115 119 110 89 114 117 119 101 114 93 104 102 114 117 101 108 92 110 102 90 90 107 115 114 118 97 105 91 99 89 85 105 114 113 78 117 118 110 116 117 110 98 98 103 118 114 116 118 110 103 101 106 114 113 113 116
85 83 88 87 96 106 114 118 115 109 90 89 89 112 113 106 82 119 102 119 119 101 108 85 104 86 100 116 112 115 100 105 100 115 102 118 116 106 87 85 114 81 101 106 96 116 107 106 109 119 91 79 98 79 87 92 114 117 107 95 87 79 84 104 105 114 106 101 113 119 117 105 106 101 108 106 112 113 102 98 110 117 97 93 105 111 113 112 119 100 103 88 101 90 92 98 113 114 101 112 119 107 117 116 114 82 92 101 119 111 117 115 110 96 101 97 112 110 118 109
85 105 78 89 103 96 106 115 113 112 93 103 96 105 115 117 101 118 78 116 112 102 105 109 110 96 98 114 112 109 99 105 110 116 104 113 119 113 108 103 118 90 103 103 108 117 94 98 105 119 88 75 91 95 84 86 99 102 117 102 96 96 95 102 108 116 101 103 109 117 119 109 105 104 110 117 112 114 101 109 108 99 109 112 105 111 114 117 119 100 115 105 110 95 108 112 116 107 93 118 118 110 117 118 113 96 90 113 119 115 119 119 113 97 83 114 109 103 118 119
90 94 94 83 98 95 102 114 106 103 103 88 88 114 119 110 97 116 92 119 118 99 110 97 113 94 102 115 117 115 103 104 108 115 99 115 112 103 95 86 115 98 102 99 109 114 108 111 112 118 93 94 100 89 94 101 100 100 114 100 84 89 83 107 115 113 110 103 114 117 119 99 106 102 109 110 114 112 105 103 112 112 105 100 108 105 114 106 119 100 108 93 101 90 99 103 114 110 108 114 119 111 119 117 113 95 101 100 119 114 118 119 115 93 106 103 111 108 119 119
70 91 89 102 107 106 112 116 113 111 96 101 101 109 116 107 105 118 97 116 116 111 117 112 114 110 106 114 103 117 102 100 96 117 109 116 116 107 100 97 119 93 110 105 110 113 112 112 115 119 89 84 110 88 90 107 109 109 114 103 101 97 95 102 113 114 118 101 114 118 118 108 108 110 114 113 112 115 105 110 115 117 104 102 106 116 113 110 118 117 111 103 110 101 100 95 111 114 101 118 119 115 119 113 117 70 72 109 119 112 118 114 113 86 94 110 82 88 119 117
89 93 93 95 95 100 107 113 106 108 92 90 84 103 108 117 94 119 87 119 111 95 103 102 116 106 99 104 108 108 105 114 114 119 106 113 112 110 99 107 117 98 109 88 103 110 99 105 93 116 86 86 93 83 93 94 96 104 108 96 77 83 83 106 118 112 101 105 115 119 119 104 102 93 93 114 115 108 102 110 112 114 107 114 112 109 110 115 118 110 106 104 103 91 104 102 115 106 98 116 119 108 118 115 112 94 82 114 119 118 119 117 107 100 100 113 113 112 118 119
95 108 99 101 107 103 107 109 104 117 106 88 89 108 116 118 79 114 103 119 118 101 113 111 119 111 108 109 118 111 107 113 117 117 112 112 116 116 112 110 117 111 115 109 117 118 105 107 104 119 97 103 114 103 79 89 99 78 111 102 83 93 97 105 113 116 119 103 117 118 119 104 109 104 109 115 116 118 111 110 114 118 115 110 112 107 117 113 115 116 117 108 113 108 105 111 115 113 101 112 119 116 119 115 116 88 97 104 119 109 119 116 114 102 97 114 111 114 119 119
91 90 85 79 98 105 107 102 101 109 94 83 89 108 112 106 90 118 85 119 115 99 108 91 107 101 111 113 107 111 93 105 99 112 104 113 118 110 98 81 114 88 108 102 106 117 105 102 101 117 96 83 107 71 91 88 100 103 109 88 85 79 81 94 95 105 113 84 111 115 117 105 102 101 91 112 110 111 99 105 92 114 106 108 110 109 115 111 118 103 106 102 111 104 108 109 117 112 99 113 119 106 117 113 112 89 81 109 119 112 119 115 109 86 92 108 106 100 118 119
76 95 84 80 102 84 94 114 109 104 101 97 97 111 115 107 101 119 110 119 119 108 115 103 115 100 103 115 113 115 93 104 106 118 100 116 117 103 104 87 115 79 95 98 109 115 104 107 108 119 83 87 99 85 93 96 113 103 111 97 92 93 87 104 116 116 113 106 114 118 118 104 107 98 110 115 115 113 103 108 106 115 106 102 108 101 114 114 118 99 99 93 111 91 99 103 113 111 103 115 119 107 118 117 114 90 81 111 119 112 117 115 111 91 94 111 109 109 119 118
88 97 91 89 98 101 88 109 104 110 92 90 97 112 117 110 96 119 102 117 119 104 118 105 110 92 112 115 115 115 105 101 104 114 103 113 114 105 98 89 116 94 105 90 113 119 109 114 111 118 97 95 108 97 86 109 112 109 113 95 87 92 95 105 118 116 117 94 118 117 119 99 114 93 104 105 114 113 100 110 107 115 105 99 109 104 118 110 118 112 97 96 103 91 89 108 116 112 108 116 119 113 118 114 114 96 89 109 119 115 117 116 117 95 97 101 108 114 119 119
95 104 111 103 109 96 111 115 115 113 100 107 101 114 117 114 106 119 97 119 118 112 114 115 116 112 115 116 112 118 114 111 115 116 114 116 119 112 110 106 118 104 115 114 115 118 118 114 111 118 100 103 114 109 97 101 113 112 118 96 99 91 92 108 115 118 116 115 118 118 119 114 113 116 118 117 118 115 110 113 118 118 114 106 109 117 118 117 119 115 116 106 116 109 112 110 116 114 109 117 119 118 119 118 116 97 95 102 119 117 119 119 119 98 98 106 102 101 118 118
84 104 90 101 102 103 106 116 115 117 108 111 105 114 115 113 105 119 106 118 118 113 113 116 116 112 107 114 116 118 101 107 114 118 107 119 118 110 113 111 118 100 109 98 107 118 112 104 114 119 84 85 113 96 85 101 113 114 117 102 95 100 99 110 114 116 113 113 118 117 118 107 110 113 115 118 114 114 113 111 117 116 110 114 113 112 118 111 118 114 115 107 115 99 107 107 113 111 107 116 119 115 118 117 117 102 85 114 119 117 119 118 115 99 90 115 101 110 119 119
98 115 113 98 117 118 112 117 117 118 112 113 112 118 119 119 116 119 119 119 119 113 118 118 119 109 117 118 118 117 104 116 117 119 116 118 119 117 116 114 118 102 110 113 110 119 112 117 114 119 107 99 113 108 105 110 117 115 118 105 92 114 107 115 119 119 113 117 119 116 118 110 115 115 118 116 116 115 119 118 117 117 116 116 117 115 113 118 119 110 116 114 114 113 111 117 118 117 111 118 119 118 119 118 118 101 95 111 119 119 119 119 119 112 116 116 117 117 119 119
80 93 76 102 97 87 113 114 110 114 97 102 105 110 116 116 102 119 107 119 118 114 111 113 118 105 116 112 115 115 105 114 119 117 115 117 119 113 116 113 118 106 112 113 115 117 114 99 112 118 104 103 111 107 91 107 114 114 113 96 91 98 104 110 113 112 119 106 117 119 117 107 112 112 104 114 108 113 111 116 109 119 114 105 107 111 117 113 119 113 116 102 114 107 106 110 116 110 113 119 119 114 119 118 113 99 90 115 119 115 119 119 115 106 104 113 116 110 119 119
89 103 75 90 89 111 114 114 111 114 103 87 84 103 116 118 94 118 94 118 116 91 106 111 118 98 108 118 113 110 98 112 115 116 111 112 118 112 103 93 118 95 108 103 104 119 97 110 110 117 100 90 105 98 89 98 100 113 112 101 87 88 89 108 113 113 108 105 116 112 117 101 103 105 104 115 117 112 101 110 115 115 111 110 114 105 118 109 116 113 110 100 109 99 105 106 117 101 102 116 119 114 119 118 107 95 89 85 119 108 119 115 111 93 97 101 114 115 119 119
