54 55 52 59 57 56 59 55 55 59 60 54 55 58 60 60 53 60 44 60 59 60 59 58 60 60 58 56 54 58 60 60 58 59 58 56 58 60 60 59 60 60 60 52 59 59 59 58 53 60 58 56 57 57 55 48 56 58 58 57 56 54 54 57 57 58 58 55 56 58 58 57 57 57 58 58 56 58 58 58 56 57 58 57 57 57 58 55 58 57 57 56 57 58 58 58 58 56 50 58 60 60 60 60 60 60 59 60 60 52 58 58 58 57 57 57 51 58 60 58
56 60 58 55 57 59 59 59 60 59 57 58 59 60 60 59 56 60 57 60 58 60 60 59 60 60 58 59 57 60 59 60 58 60 60 58 60 60 60 60 60 59 60 51 60 60 60 59 59 60 57 54 58 47 52 57 57 57 58 57 55 55 54 57 58 57 58 57 58 58 57 57 56 57 58 58 56 57 58 58 58 58 58 58 58 57 58 53 58 58 58 58 57 58 58 58 58 57 53 55 60 60 60 60 60 58 57 60 60 55 58 58 58 57 56 58 54 58 60 58
56 57 54 57 57 59 59 60 58 60 59 59 59 60 58 60 56 60 57 60 59 60 59 59 60 60 60 58 57 58 59 60 59 60 60 60 60 60 59 58 60 60 60 57 60 60 60 60 60 60 56 53 58 53 53 52 56 54 58 57 51 53 49 56 57 58 58 56 58 58 58 57 56 58 58 58 58 57 57 58 58 58 57 58 57 58 58 54 57 58 58 57 58 58 58 58 58 56 50 57 60 60 60 60 60 60 59 60 60 46 58 58 58 58 57 58 57 58 60 58
55 53 51 47 52 55 60 59 60 60 60 54 53 58 58 60 53 60 52 59 59 60 57 60 60 59 60 56 55 57 60 60 59 60 60 60 59 59 60 59 60 60 60 56 60 60 56 57 56 60 58 55 58 53 51 52 58 58 58 56 54 57 53 55 57 57 58 57 58 58 58 57 55 58 57 58 58 57 57 57 58 58 58 58 58 55 58 56 58 58 58 58 58 58 58 58 58 56 52 57 60 60 60 60 60 59 60 60 60 54 58 58 58 58 57 58 56 58 60 58
54 59 53 57 58 58 60 60 60 59 56 58 59 59 59 58 56 60 52 60 59 59 60 59 60 59 60 59 56 59 59 60 60 60 60 60 59 60 59 57 60 60 60 60 60 60 59 60 53 60 57 57 58 55 52 57 58 58 58 56 55 54 57 56 57 58 58 58 58 58 58 58 58 57 57 58 58 58 58 58 58 58 58 58 57 58 58 57 58 58 58 58 58 58 58 58 58 58 56 57 60 60 60 60 60 58 54 60 60 51 58 58 58 57 57 58 56 58 60 58
57 59 56 59 60 52 60 60 60 60 58 58 60 60 60 60 59 60 59 60 60 59 59 60 60 58 59 60 60 59 60 60 60 60 60 60 60 60 59 60 60 60 60 60 60 60 59 57 60 60 56 57 58 53 50 56 58 57 58 57 57 57 56 56 58 57 58 57 58 58 58 58 58 57 57 58 57 58 58 58 58 58 58 58 56 58 58 57 58 57 58 57 58 57 58 56 58 57 58 58 60 60 60 60 60 58 59 60 60 57 58 58 58 58 58 58 50 58 60 58
57 60 58 59 59 60 60 60 60 60 59 55 58 60 60 60 56 60 58 60 60 59 59 59 60 60 59 59 59 60 60 60 60 60 60 59 57 60 59 60 60 60 60 55 60 60 58 58 56 60 56 56 58 55 53 55 55 49 57 57 51 52 51 57 58 58 58 55 58 58 58 58 57 57 57 57 57 58 58 58 55 58 58 56 56 57 56 56 58 55 58 56 57 57 57 58 57 57 39 58 60 60 60 60 60 59 58 60 59 55 58 58 58 58 57 58 53 57 60 58
58 59 57 56 58 59 60 60 60 60 59 59 57 60 60 60 53 60 59 60 60 60 60 53 60 59 60 60 57 60 60 59 60 60 60 60 60 60 59 57 60 60 60 57 60 60 60 60 57 60 56 51 58 51 51 53 58 58 58 58 54 52 53 54 55 57 58 53 58 58 58 57 58 57 57 58 55 58 58 58 56 58 58 58 58 57 57 58 58 56 58 58 58 57 58 58 58 58 54 55 60 60 60 60 60 54 59 59 60 52 58 58 58 58 57 58 52 58 60 57
58 59 55 50 59 54 59 60 59 60 55 57 54 59 60 60 56 60 52 60 60 58 58 59 60 60 59 59 57 60 59 60 60 60 60 60 60 60 60 60 60 60 60 59 60 60 56 59 55 60 57 56 58 53 51 53 58 58 57 54 57 54 56 57 54 58 58 53 55 58 58 57 57 56 56 58 55 57 55 58 55 56 58 58 56 58 57 58 58 55 58 57 58 58 58 55 58 58 51 58 60 60 60 60 60 56 55 60 60 56 58 58 56 56 51 58 49 54 59 58
58 60 60 57 59 56 58 60 60 59 60 59 58 59 60 60 59 60 59 60 60 59 60 58 60 60 60 60 59 60 60 60 60 60 60 60 57 60 59 59 60 60 60 55 60 60 59 60 59 60 57 57 58 57 53 56 58 57 58 58 55 56 53 58 58 58 58 57 58 58 58 58 58 57 58 58 56 58 57 58 58 58 58 58 58 57 56 56 58 58 58 57 57 57 58 57 58 58 55 55 60 60 60 60 60 58 58 60 60 55 58 58 58 58 55 58 51 57 60 58
49 57 51 57 56 57 60 60 60 60 59 57 57 59 59 60 59 60 53 58 59 59 59 58 60 59 58 60 52 58 59 58 58 60 60 59 60 59 59 57 60 60 60 58 60 60 60 60 58 60 55 51 57 53 50 55 57 56 57 57 55 55 52 53 58 58 57 53 56 58 58 58 56 56 57 57 55 58 58 57 56 57 58 58 57 58 56 56 58 57 56 57 56 58 58 57 58 58 55 58 60 60 60 60 60 58 54 60 60 53 58 58 57 57 54 58 27 56 60 58
52 53 55 54 55 55 59 60 53 59 59 55 52 57 55 60 53 60 50 60 55 57 57 59 60 60 58 58 55 58 60 60 60 60 60 58 56 59 58 59 60 60 60 52 60 60 57 60 48 57 48 50 54 49 51 50 55 56 58 57 50 51 47 56 57 53 58 52 58 58 58 53 54 58 57 58 54 56 58 58 57 58 58 58 58 57 53 57 58 58 57 56 57 57 57 58 58 54 47 56 60 60 60 60 60 60 56 60 60 59 58 58 58 58 58 58 54 57 60 58
57 60 58 58 57 58 59 60 57 59 60 57 56 59 60 60 53 60 58 60 60 60 60 60 60 60 57 57 60 60 60 60 60 59 60 60 60 60 60 60 60 60 60 56 60 60 59 60 57 60 56 56 58 56 42 49 54 45 58 56 53 51 53 54 56 57 58 55 58 58 58 57 56 57 55 58 58 58 58 58 57 58 58 57 58 55 58 56 58 57 58 57 58 57 57 58 58 57 55 57 60 60 60 60 60 59 58 60 60 50 58 58 58 58 58 58 50 58 60 58
58 57 52 52 55 58 60 59 59 60 60 59 57 59 56 60 55 60 55 60 58 60 59 57 60 60 60 59 55 59 60 60 60 60 59 60 60 60 60 59 60 60 60 58 60 60 59 59 54 60 58 55 57 49 53 49 56 57 57 56 56 53 51 57 54 56 58 52 58 58 58 58 56 58 57 57 55 57 58 57 58 58 58 58 58 58 58 56 58 58 58 57 57 58 58 57 58 58 51 56 60 60 60 60 60 59 58 60 60 53 58 58 58 58 58 58 45 58 60 58
55 59 56 54 58 52 59 60 60 58 60 56 54 59 59 60 58 60 58 60 60 60 59 59 60 60 59 60 56 59 58 60 60 60 60 60 59 59 57 56 60 58 60 53 60 60 59 59 59 60 53 57 58 54 53 55 58 57 58 57 54 55 52 56 58 58 58 56 58 58 58 58 58 56 58 58 57 58 58 58 57 57 58 58 57 58 57 57 58 58 57 58 57 58 58 57 58 58 55 56 60 60 60 60 60 60 55 60 60 53 58 58 58 57 55 58 50 57 60 58
58 58 56 60 59 60 60 60 59 60 59 59 58 59 58 60 58 60 59 59 60 60 60 59 60 60 60 59 58 60 60 60 59 60 60 59 59 60 58 57 60 60 60 51 60 60 60 60 59 60 57 57 58 57 52 58 58 57 58 58 57 57 56 58 58 58 58 57 58 58 58 58 58 58 58 58 57 58 58 58 58 58 58 58 58 57 58 57 57 58 57 57 58 58 57 58 58 58 56 57 60 60 60 60 60 60 57 60 60 56 58 58 58 58 56 58 50 57 60 58
59 59 59 54 56 54 60 60 60 60 60 58 59 58 59 60 58 60 55 60 59 59 60 60 60 60 60 59 54 60 60 59 60 60 59 60 60 60 59 59 60 60 60 60 60 60 60 60 57 60 57 57 57 56 50 53 57 58 58 55 56 52 54 56 56 57 57 57 57 58 58 58 57 57 57 58 58 58 58 58 57 57 58 58 58 58 57 58 58 57 58 55 57 58 58 56 58 58 54 56 60 60 60 60 60 59 59 60 60 58 58 58 58 57 58 58 42 54 60 58
49 59 52 58 59 56 60 60 60 60 59 58 59 58 59 60 57 60 55 60 59 60 58 60 60 59 59 60 58 60 60 60 60 60 60 60 60 60 60 60 60 60 60 60 60 60 59 57 60 60 51 53 58 55 47 54 57 57 58 56 53 56 55 56 55 57 57 56 58 57 58 57 58 58 58 58 54 58 58 57 57 57 58 58 58 58 57 56 58 57 58 56 57 56 58 55 58 55 51 56 60 60 60 60 60 60 59 60 60 58 58 58 58 56 52 58 44 58 60 58
59 60 58 60 60 60 60 60 60 60 59 58 60 60 60 60 60 60 60 60 60 60 60 59 60 60 60 60 60 60 60 60 60 60 60 60 60 60 60 60 60 60 60 59 60 60 60 60 59 60 57 55 58 57 54 58 58 58 58 58 55 58 55 58 58 58 58 57 58 58 58 58 58 58 58 58 56 57 58 58 58 58 58 58 58 58 58 58 58 57 58 58 58 58 58 58 58 58 57 58 60 60 60 60 60 60 59 60 60 60 58 58 58 58 57 58 56 58 60 58
50 58 49 58 54 54 60 60 60 60 58 57 58 58 58 60 56 60 57 60 60 59 57 60 60 59 59 60 57 59 60 60 60 60 60 60 60 60 60 60 60 60 60 60 60 60 59 54 59 60 56 57 58 57 50 55 58 58 58 57 54 55 56 58 58 58 58 56 58 58 58 57 57 58 58 58 54 57 58 58 58 58 58 58 58 58 57 58 58 58 57 57 58 58 58 57 58 58 55 58 60 60 60 60 60 60 59 60 60 56 58 58 58 58 58 58 55 58 60 58
54 58 46 50 50 60 60 60 58 60 60 53 55 57 58 60 56 60 55 59 58 59 56 58 60 60 60 59 57 59 60 59 59 59 60 58 60 59 57 58 60 60 60 60 60 60 56 60 57 60 55 54 58 55 49 51 58 57 58 57 53 53 51 57 58 58 58 55 58 58 58 55 57 58 56 58 57 57 58 58 58 58 58 58 58 56 58 58 57 58 58 56 58 58 58 58 58 57 55 58 60 60 60 60 60 60 59 57 60 49 58 58 58 56 58 58 54 58 60 58
