72 81 69 86 85 85 86 92 83 98 86 73 74 87 101 97 80 103 62 105 101 85 95 88 103 82 97 98 97 100 97 109 105 105 96 98 106 87 85 73 94 72 86 68 81 93 82 84 83 95 82 77 93 82 79 67 78 85 103 87 80 76 75 87 98 97 97 79 99 104 105 87 95 98 99 104 99 104 97 110 91 101 89 86 90 99 101 95 107 86 91 85 90 80 76 83 94 89 82 96 102 98 102 102 99 82 81 91 102 94 102 101 95 84 91 78 94 93 118 117
76 90 85 76 84 96 88 93 94 102 81 84 100 103 106 98 94 104 90 103 103 97 99 101 108 99 92 102 105 102 97 110 106 106 97 100 105 91 87 83 95 77 93 74 81 91 90 86 84 95 82 78 94 73 89 93 95 96 104 90 88 77 81 91 101 102 98 89 104 102 104 95 93 100 106 106 99 103 103 112 106 105 95 94 90 99 106 96 106 93 94 91 92 86 88 83 92 83 85 92 102 101 102 101 102 82 75 97 102 97 102 101 102 80 72 98 98 97 118 118
74 80 69 78 77 81 85 91 91 101 81 84 81 92 100 94 81 102 89 103 100 90 93 87 105 93 95 100 103 98 86 106 102 104 97 101 106 91 84 80 91 74 80 71 85 90 84 83 87 93 73 70 92 76 79 79 88 86 99 80 72 69 66 93 91 98 100 93 104 104 104 86 95 101 87 101 104 99 93 108 101 104 84 88 89 96 104 97 105 93 89 79 91 79 78 80 90 87 77 93 102 92 102 101 99 88 76 98 102 88 102 100 88 81 74 98 100 101 115 118
76 72 70 72 82 90 89 96 94 95 78 78 77 98 102 102 77 105 78 104 104 88 92 97 105 90 94 100 101 101 104 103 106 107 99 107 105 87 89 73 96 87 88 80 90 94 83 80 89 96 82 77 85 78 74 85 88 90 102 84 86 93 77 93 105 100 99 98 105 104 104 94 85 98 103 104 104 98 98 101 105 106 99 97 95 93 103 91 104 94 85 82 89 79 83 85 94 87 76 93 102 96 102 100 101 85 67 85 102 96 101 99 93 81 83 90 100 98 118 117
61 79 67 72 88 90 93 102 101 98 89 83 86 97 105 89 88 104 74 105 103 97 104 94 104 90 94 106 100 106 103 96 92 106 99 104 104 82 68 63 92 73 85 83 88 95 92 94 79 96 93 78 96 85 76 96 100 102 94 79 77 74 81 83 100 101 98 84 101 104 105 94 98 76 86 98 104 103 102 108 97 104 93 98 102 101 95 101 106 79 81 79 79 73 85 86 92 93 88 93 102 98 101 98 93 69 63 87 102 93 100 99 99 77 78 86 97 91 117 118
81 84 73 84 92 77 94 101 93 102 91 91 95 105 106 103 100 102 90 105 104 90 100 106 105 93 97 104 107 96 102 106 105 105 101 104 106 86 81 88 91 84 90 87 88 92 90 82 91 95 86 83 101 86 77 87 91 88 102 86 80 90 82 90 106 103 105 88 103 102 105 95 91 96 100 104 103 99 104 111 106 107 100 93 99 99 103 100 107 89 94 83 90 85 82 83 95 89 91 95 102 97 102 102 91 72 81 88 102 99 102 102 101 88 85 81 94 98 118 118
75 90 78 80 89 92 88 88 92 92 72 67 76 93 101 96 72 103 80 105 104 77 94 79 98 74 86 103 105 106 108 108 105 103 84 101 103 84 75 79 90 76 84 84 90 93 83 79 82 96 79 85 94 91 87 88 84 82 87 73 59 67 62 92 102 106 98 77 100 104 105 89 100 84 95 92 104 106 97 104 80 99 90 80 80 97 103 102 106 80 84 76 82 74 67 82 91 90 64 94 101 93 99 100 93 81 81 86 101 97 99 101 93 86 84 89 97 96 112 115
69 68 72 72 80 90 98 102 99 99 81 80 77 99 100 92 70 105 90 105 105 88 94 76 95 76 89 105 101 104 96 102 98 103 90 106 104 87 68 69 93 65 82 84 78 93 87 85 86 96 76 64 82 63 71 76 98 101 96 84 77 69 73 91 92 101 93 88 99 105 103 93 93 92 97 97 101 103 100 95 98 105 85 81 93 100 102 100 107 82 84 73 81 73 74 77 91 92 84 89 102 91 100 99 97 68 77 85 102 94 100 98 93 82 85 83 95 93 117 108
73 90 62 74 87 80 91 99 97 99 80 90 83 92 102 103 87 104 65 102 99 88 91 98 99 85 89 103 101 99 95 101 107 104 92 102 107 90 87 82 95 73 81 80 86 94 75 77 86 96 74 61 77 79 68 70 84 86 104 89 83 83 82 89 95 103 89 89 95 103 105 95 91 95 100 106 101 103 98 105 96 87 97 100 94 99 102 105 107 80 92 85 90 77 86 89 93 86 73 95 101 93 100 101 96 79 73 96 102 98 102 102 96 80 66 97 92 86 117 118
74 78 78 67 82 79 87 98 90 92 93 79 77 101 106 97 83 102 80 105 104 85 96 86 103 84 91 104 106 104 99 100 105 104 87 104 100 83 77 72 94 79 82 77 87 91 87 89 90 95 78 78 84 73 78 85 84 84 101 90 74 78 73 94 102 100 97 89 100 103 105 87 92 93 98 99 103 101 101 100 100 100 93 89 97 93 102 94 107 83 87 75 81 72 80 84 92 88 86 91 102 94 102 100 96 78 84 83 102 97 101 102 98 76 89 86 94 91 118 118
55 75 73 86 91 90 96 100 97 98 85 88 88 96 103 94 91 104 83 102 102 97 103 101 103 99 96 103 92 106 98 97 94 105 97 105 104 87 82 77 96 73 90 84 87 90 91 91 92 96 73 68 95 72 74 91 93 93 101 91 88 85 82 89 100 101 104 88 100 104 104 94 94 100 103 102 101 104 103 107 103 105 93 90 94 104 101 98 106 94 89 85 90 81 80 75 89 91 82 95 102 99 102 97 100 61 57 92 102 96 102 98 98 73 78 95 66 72 118 116
73 77 77 79 79 84 91 97 90 96 81 81 72 90 95 103 81 105 74 105 97 82 89 91 105 96 89 94 97 99 101 110 110 107 94 102 100 89 82 86 95 78 86 69 80 87 81 85 75 93 70 70 77 67 77 78 80 88 96 84 68 72 70 93 105 99 90 91 101 105 105 90 88 83 86 103 104 97 98 106 100 102 95 102 101 98 99 103 106 88 86 84 83 71 84 82 93 85 79 94 102 91 101 98 95 77 65 97 102 101 102 100 90 83 83 96 96 95 117 118
79 92 83 85 91 87 91 93 88 105 94 77 78 96 103 104 67 101 89 105 104 87 99 100 108 100 97 98 107 100 103 109 113 105 100 101 104 93 90 88 94 90 92 87 94 95 84 85 82 96 81 87 98 87 63 73 83 62 98 92 74 80 84 92 100 103 105 90 103 104 105 92 95 93 98 104 105 107 107 106 102 106 103 99 100 95 105 101 103 93 94 86 91 85 82 91 92 90 81 90 102 99 102 98 99 74 81 87 102 92 102 99 98 87 81 97 94 97 118 118
76 74 69 64 82 89 92 86 85 99 85 73 78 95 99 93 79 104 73 105 101 85 94 83 97 91 100 102 96 101 89 101 96 102 92 102 106 88 77 63 91 70 86 79 84 94 84 81 80 94 80 67 92 57 75 72 84 87 97 78 74 68 71 82 82 92 101 71 97 101 103 93 89 92 83 102 99 100 96 101 81 102 95 97 98 97 103 99 106 84 83 83 89 84 86 86 94 89 81 91 102 90 100 96 95 72 65 92 102 95 102 98 92 71 75 91 89 83 117 118
62 79 68 65 86 68 80 98 93 92 88 85 84 98 102 93 88 105 96 105 105 94 101 92 104 90 92 104 102 104 89 100 103 107 88 105 105 82 84 72 93 62 76 80 87 92 84 86 87 96 67 73 86 69 77 80 97 87 98 85 79 80 75 91 103 103 99 92 100 104 104 91 93 88 99 104 104 102 100 104 94 103 94 90 99 89 103 102 106 80 81 77 91 75 78 82 90 88 83 92 102 90 101 100 97 74 64 94 102 95 100 98 95 74 77 94 92 92 118 117
72 81 75 73 82 85 73 93 88 98 81 80 85 99 104 98 83 105 88 103 105 91 104 94 99 83 101 104 104 104 101 97 100 102 91 102 102 86 79 74 94 75 82 68 90 96 88 92 89 95 82 79 92 81 70 93 96 93 101 84 77 80 82 92 105 103 103 82 104 103 105 87 100 83 93 95 103 102 96 106 95 103 94 87 97 92 106 98 106 90 78 77 82 72 71 87 93 90 86 93 102 96 101 97 97 80 72 92 102 98 100 99 100 78 80 85 91 97 118 118
80 88 95 87 93 80 96 99 99 101 91 94 88 101 104 100 92 105 83 105 104 98 100 104 105 101 104 105 101 107 110 107 111 105 102 104 107 89 87 85 95 84 93 92 92 95 95 91 88 95 86 87 98 93 81 85 97 96 105 85 87 79 80 95 102 105 102 101 104 104 105 100 99 105 107 106 107 104 106 109 106 106 102 95 97 105 106 105 107 92 94 85 94 88 89 87 93 91 87 94 102 102 102 101 99 80 79 87 102 100 102 102 102 83 81 91 85 84 117 117
69 88 74 85 86 87 93 100 99 104 95 98 92 101 102 99 91 105 92 104 104 99 99 105 105 101 96 103 105 107 98 103 110 106 95 107 106 88 91 89 95 81 87 78 87 95 89 83 92 96 69 71 97 81 69 85 97 98 104 89 82 87 86 97 101 103 99 99 104 103 104 93 96 102 104 107 103 103 109 108 105 104 98 102 101 100 106 99 106 93 94 89 94 79 85 84 90 89 87 93 102 98 101 100 100 86 70 97 102 100 102 101 98 83 73 99 84 94 118 118
83 99 97 82 101 102 96 101 101 106 99 100 99 105 106 105 102 105 105 105 105 99 104 107 108 98 106 107 107 106 100 112 113 107 104 106 107 94 93 93 95 81 89 91 89 96 90 94 92 96 91 83 98 92 89 94 101 99 105 92 80 101 94 102 106 106 99 103 105 102 104 96 101 104 107 105 105 104 115 114 105 105 104 104 105 103 101 106 107 90 93 92 93 91 89 94 95 94 91 95 102 101 102 101 101 84 78 94 102 102 102 102 102 95 99 99 100 100 118 118
64 77 60 86 81 71 97 98 94 103 88 90 93 97 103 103 89 105 93 105 104 100 97 102 107 94 105 101 104 104 101 110 115 105 103 107 107 91 93 90 95 84 91 90 92 94 92 79 90 95 88 87 95 91 75 91 98 98 100 86 80 87 92 97 100 99 105 93 103 105 103 94 98 101 93 103 97 102 107 112 97 107 102 93 96 99 105 102 107 91 93 83 91 84 84 87 93 87 91 96 102 97 102 101 96 83 73 98 102 98 102 102 98 90 87 96 99 93 118 118
73 87 59 74 73 95 98 98 95 104 94 75 73 90 103 104 82 104 81 104 102 78 92 100 107 89 97 107 102 100 94 108 112 104 99 101 106 90 82 76 95 77 85 81 81 96 78 88 88 95 84 74 89 82 73 82 84 97 99 90 77 77 78 95 101 100 96 91 102 99 103 87 90 96 94 104 106 101 98 106 103 103 99 98 102 94 106 97 104 91 90 81 87 80 83 84 94 81 82 94 102 97 102 101 90 79 72 73 102 92 102 98 95 78 81 85 97 98 118 118
